0.00714285714286 0.00714285714286 0.00714285714286 0.507142857143 0.00714285714286 0.00714285714286 0.435714285714 0.00714285714286 0.00714285714286 0.00714285714286 
0.1 0.1 0.1 0.1 0.1 0.1 0.1 0.1 0.1 0.1 
0.00277777777778 0.00277777777778 0.0305555555556 0.197222222222 0.141666666667 0.447222222222 0.169444444444 0.00277777777778 0.00277777777778 0.00277777777778 
0.1 0.1 0.1 0.1 0.1 0.1 0.1 0.1 0.1 0.1 
0.122222222222 0.0111111111111 0.0111111111111 0.0111111111111 0.0111111111111 0.0111111111111 0.0111111111111 0.788888888889 0.0111111111111 0.0111111111111 
0.1 0.1 0.1 0.1 0.1 0.1 0.1 0.1 0.1 0.1 
0.00769230769231 0.00769230769231 0.00769230769231 0.392307692308 0.00769230769231 0.00769230769231 0.00769230769231 0.546153846154 0.00769230769231 0.00769230769231 
0.1 0.1 0.1 0.1 0.1 0.1 0.1 0.1 0.1 0.1 
0.157142857143 0.0142857142857 0.0142857142857 0.728571428571 0.0142857142857 0.0142857142857 0.0142857142857 0.0142857142857 0.0142857142857 0.0142857142857 
0.1 0.1 0.1 0.1 0.1 0.1 0.1 0.1 0.1 0.1 
0.003125 0.003125 0.003125 0.159375 0.003125 0.003125 0.159375 0.659375 0.003125 0.003125 
0.320454545455 0.00227272727273 0.00227272727273 0.365909090909 0.00227272727273 0.00227272727273 0.00227272727273 0.297727272727 0.00227272727273 0.00227272727273 
0.1 0.1 0.1 0.1 0.1 0.1 0.1 0.1 0.1 0.1 
0.129787234043 0.342553191489 0.0234042553191 0.0234042553191 0.00212765957447 0.00212765957447 0.00212765957447 0.470212765957 0.00212765957447 0.00212765957447 
0.1 0.1 0.1 0.1 0.1 0.1 0.1 0.1 0.1 0.1 
0.504166666667 0.00416666666667 0.00416666666667 0.00416666666667 0.00416666666667 0.00416666666667 0.0458333333333 0.2125 0.00416666666667 0.2125 
0.1 0.1 0.1 0.1 0.1 0.1 0.1 0.1 0.1 0.1 
0.00769230769231 0.0846153846154 0.00769230769231 0.00769230769231 0.00769230769231 0.00769230769231 0.392307692308 0.469230769231 0.00769230769231 0.00769230769231 
0.1 0.1 0.1 0.1 0.1 0.1 0.1 0.1 0.1 0.1 
0.85 0.0166666666667 0.0166666666667 0.0166666666667 0.0166666666667 0.0166666666667 0.0166666666667 0.0166666666667 0.0166666666667 0.0166666666667 
0.1 0.1 0.1 0.1 0.1 0.1 0.1 0.1 0.1 0.1 
0.1 0.1 0.1 0.1 0.1 0.1 0.1 0.1 0.1 0.1 
0.1 0.1 0.1 0.1 0.1 0.1 0.1 0.1 0.1 0.1 
0.1 0.1 0.1 0.1 0.1 0.1 0.1 0.1 0.1 0.1 
0.448148148148 0.0037037037037 0.188888888889 0.0037037037037 0.0037037037037 0.3 0.0037037037037 0.0037037037037 0.0037037037037 0.0407407407407 
0.1 0.1 0.1 0.1 0.1 0.1 0.1 0.1 0.1 0.1 
0.0142857142857 0.442857142857 0.0142857142857 0.0142857142857 0.0142857142857 0.0142857142857 0.0142857142857 0.3 0.0142857142857 0.157142857143 
0.0166666666667 0.0166666666667 0.0166666666667 0.0166666666667 0.0166666666667 0.85 0.0166666666667 0.0166666666667 0.0166666666667 0.0166666666667 
0.0142857142857 0.0142857142857 0.728571428571 0.0142857142857 0.0142857142857 0.0142857142857 0.157142857143 0.0142857142857 0.0142857142857 0.0142857142857 
0.0166666666667 0.0166666666667 0.183333333333 0.0166666666667 0.0166666666667 0.516666666667 0.183333333333 0.0166666666667 0.0166666666667 0.0166666666667 
0.02 0.02 0.02 0.02 0.02 0.02 0.82 0.02 0.02 0.02 
0.0166666666667 0.0166666666667 0.0166666666667 0.0166666666667 0.0166666666667 0.85 0.0166666666667 0.0166666666667 0.0166666666667 0.0166666666667 
0.1 0.1 0.1 0.1 0.1 0.1 0.1 0.1 0.1 0.1 
0.062 0.522 0.002 0.302 0.002 0.002 0.042 0.002 0.062 0.002 
0.1 0.1 0.1 0.1 0.1 0.1 0.1 0.1 0.1 0.1 
0.3 0.165979381443 0.0113402061856 0.00103092783505 0.00103092783505 0.3 0.217525773196 0.00103092783505 0.00103092783505 0.00103092783505 
0.1 0.1 0.1 0.1 0.1 0.1 0.1 0.1 0.1 0.1 
0.00113636363636 0.00113636363636 0.00113636363636 0.00113636363636 0.00113636363636 0.830681818182 0.0806818181818 0.00113636363636 0.00113636363636 0.0806818181818 
0.00666666666667 0.0733333333333 0.206666666667 0.206666666667 0.473333333333 0.00666666666667 0.00666666666667 0.00666666666667 0.00666666666667 0.00666666666667 
0.157142857143 0.0142857142857 0.0142857142857 0.0142857142857 0.0142857142857 0.3 0.0142857142857 0.0142857142857 0.0142857142857 0.442857142857 
0.1 0.1 0.1 0.1 0.1 0.1 0.1 0.1 0.1 0.1 
0.116666666667 0.00555555555556 0.00555555555556 0.00555555555556 0.838888888889 0.00555555555556 0.00555555555556 0.00555555555556 0.00555555555556 0.00555555555556 
0.00625 0.00625 0.00625 0.00625 0.94375 0.00625 0.00625 0.00625 0.00625 0.00625 
0.435714285714 0.00714285714286 0.00714285714286 0.00714285714286 0.435714285714 0.00714285714286 0.0785714285714 0.00714285714286 0.00714285714286 0.00714285714286 
0.594117647059 0.00588235294118 0.00588235294118 0.00588235294118 0.00588235294118 0.00588235294118 0.358823529412 0.00588235294118 0.00588235294118 0.00588235294118 
0.163157894737 0.00526315789474 0.00526315789474 0.00526315789474 0.00526315789474 0.0578947368421 0.321052631579 0.00526315789474 0.00526315789474 0.426315789474 
0.1 0.1 0.1 0.1 0.1 0.1 0.1 0.1 0.1 0.1 
0.02 0.02 0.02 0.02 0.02 0.22 0.02 0.62 0.02 0.02 
0.8875 0.0125 0.0125 0.0125 0.0125 0.0125 0.0125 0.0125 0.0125 0.0125 
0.683333333333 0.0166666666667 0.0166666666667 0.0166666666667 0.0166666666667 0.0166666666667 0.0166666666667 0.183333333333 0.0166666666667 0.0166666666667 
0.788888888889 0.0111111111111 0.0111111111111 0.0111111111111 0.0111111111111 0.0111111111111 0.122222222222 0.0111111111111 0.0111111111111 0.0111111111111 
0.233333333333 0.0111111111111 0.0111111111111 0.0111111111111 0.0111111111111 0.122222222222 0.344444444444 0.0111111111111 0.0111111111111 0.233333333333 
0.505 0.255 0.005 0.005 0.005 0.005 0.005 0.205 0.005 0.005 
0.1 0.1 0.1 0.1 0.1 0.1 0.1 0.1 0.1 0.1 
0.02 0.02 0.02 0.02 0.22 0.02 0.02 0.02 0.62 0.02 
0.01 0.91 0.01 0.01 0.01 0.01 0.01 0.01 0.01 0.01 
0.02 0.02 0.02 0.02 0.02 0.02 0.82 0.02 0.02 0.02 
0.1 0.1 0.1 0.1 0.1 0.1 0.1 0.1 0.1 0.1 
0.05 0.55 0.05 0.05 0.05 0.05 0.05 0.05 0.05 0.05 
0.042 0.002 0.002 0.142 0.002 0.002 0.282 0.422 0.102 0.002 
0.1 0.1 0.1 0.1 0.1 0.1 0.1 0.1 0.1 0.1 
0.0449275362319 0.0884057971014 0.00144927536232 0.436231884058 0.00144927536232 0.00144927536232 0.291304347826 0.0304347826087 0.102898550725 0.00144927536232 
0.1 0.1 0.1 0.1 0.1 0.1 0.1 0.1 0.1 0.1 
0.0477272727273 0.00227272727273 0.00227272727273 0.00227272727273 0.00227272727273 0.00227272727273 0.593181818182 0.275 0.0704545454545 0.00227272727273 
0.1 0.1 0.1 0.1 0.1 0.1 0.1 0.1 0.1 0.1 
0.00116279069767 0.0360465116279 0.00116279069767 0.443023255814 0.00116279069767 0.00116279069767 0.129069767442 0.00116279069767 0.303488372093 0.0825581395349 
0.1 0.1 0.1 0.1 0.1 0.1 0.1 0.1 0.1 0.1 
0.00434782608696 0.613043478261 0.308695652174 0.00434782608696 0.00434782608696 0.00434782608696 0.00434782608696 0.00434782608696 0.00434782608696 0.0478260869565 
0.1 0.1 0.1 0.1 0.1 0.1 0.1 0.1 0.1 0.1 
0.022 0.002 0.002 0.002 0.002 0.042 0.002 0.902 0.002 0.022 
0.1 0.1 0.1 0.1 0.1 0.1 0.1 0.1 0.1 0.1 
0.00243902439024 0.417073170732 0.00243902439024 0.563414634146 0.00243902439024 0.00243902439024 0.00243902439024 0.00243902439024 0.00243902439024 0.00243902439024 
0.1 0.1 0.1 0.1 0.1 0.1 0.1 0.1 0.1 0.1 
0.1 0.1 0.1 0.1 0.1 0.1 0.1 0.1 0.1 0.1 
0.1 0.1 0.1 0.1 0.1 0.1 0.1 0.1 0.1 0.1 
0.0025641025641 0.105128205128 0.515384615385 0.0025641025641 0.0025641025641 0.0025641025641 0.0025641025641 0.361538461538 0.0025641025641 0.0025641025641 
0.1 0.1 0.1 0.1 0.1 0.1 0.1 0.1 0.1 0.1 
0.1 0.1 0.1 0.1 0.1 0.1 0.1 0.1 0.1 0.1 
0.00227272727273 0.00227272727273 0.411363636364 0.525 0.025 0.025 0.00227272727273 0.00227272727273 0.00227272727273 0.00227272727273 
0.1 0.1 0.1 0.1 0.1 0.1 0.1 0.1 0.1 0.1 
0.0047619047619 0.1 0.0047619047619 0.0047619047619 0.0047619047619 0.0047619047619 0.480952380952 0.385714285714 0.0047619047619 0.0047619047619 
0.34 0.00666666666667 0.00666666666667 0.273333333333 0.00666666666667 0.00666666666667 0.206666666667 0.14 0.00666666666667 0.00666666666667 
0.00434782608696 0.00434782608696 0.830434782609 0.0478260869565 0.00434782608696 0.0478260869565 0.0478260869565 0.00434782608696 0.00434782608696 0.00434782608696 
0.0699421965318 0.000578034682081 0.000578034682081 0.00635838150289 0.000578034682081 0.0179190751445 0.0526011560694 0.665317919075 0.000578034682081 0.185549132948 
0.00232558139535 0.281395348837 0.00232558139535 0.444186046512 0.00232558139535 0.00232558139535 0.0488372093023 0.211627906977 0.00232558139535 0.00232558139535 
0.00178571428571 0.0732142857143 0.00178571428571 0.00178571428571 0.00178571428571 0.0196428571429 0.00178571428571 0.573214285714 0.144642857143 0.180357142857 
0.00909090909091 0.00909090909091 0.00909090909091 0.00909090909091 0.00909090909091 0.00909090909091 0.00909090909091 0.918181818182 0.00909090909091 0.00909090909091 
0.1 0.1 0.1 0.1 0.1 0.1 0.1 0.1 0.1 0.1 
0.00555555555556 0.00555555555556 0.00555555555556 0.00555555555556 0.00555555555556 0.00555555555556 0.00555555555556 0.00555555555556 0.00555555555556 0.95 
0.00588235294118 0.00588235294118 0.182352941176 0.00588235294118 0.00588235294118 0.00588235294118 0.00588235294118 0.00588235294118 0.00588235294118 0.770588235294 
0.0111111111111 0.0111111111111 0.0111111111111 0.0111111111111 0.0111111111111 0.233333333333 0.233333333333 0.122222222222 0.0111111111111 0.344444444444 
0.1 0.1 0.1 0.1 0.1 0.1 0.1 0.1 0.1 0.1 
0.21 0.61 0.01 0.01 0.01 0.01 0.01 0.01 0.11 0.01 
0.455555555556 0.0111111111111 0.0111111111111 0.0111111111111 0.233333333333 0.0111111111111 0.0111111111111 0.0111111111111 0.0111111111111 0.233333333333 
0.00769230769231 0.00769230769231 0.00769230769231 0.0846153846154 0.00769230769231 0.00769230769231 0.00769230769231 0.315384615385 0.00769230769231 0.546153846154 
0.0166666666667 0.0166666666667 0.0166666666667 0.0166666666667 0.0166666666667 0.0166666666667 0.0166666666667 0.0166666666667 0.0166666666667 0.85 
0.1 0.1 0.1 0.1 0.1 0.1 0.1 0.1 0.1 0.1 
0.00555555555556 0.00555555555556 0.00555555555556 0.00555555555556 0.00555555555556 0.116666666667 0.00555555555556 0.0611111111111 0.00555555555556 0.783333333333 
0.1 0.1 0.1 0.1 0.1 0.1 0.1 0.1 0.1 0.1 
0.005 0.005 0.005 0.055 0.005 0.055 0.005 0.005 0.205 0.655 
0.1 0.1 0.1 0.1 0.1 0.1 0.1 0.1 0.1 0.1 
0.5125 0.0125 0.0125 0.0125 0.0125 0.0125 0.1375 0.2625 0.0125 0.0125 
0.00714285714286 0.221428571429 0.00714285714286 0.00714285714286 0.00714285714286 0.00714285714286 0.00714285714286 0.507142857143 0.00714285714286 0.221428571429 
0.02 0.22 0.02 0.02 0.02 0.02 0.02 0.02 0.02 0.62 
0.0096875 0.2971875 0.0034375 0.1096875 0.0003125 0.0003125 0.0596875 0.3878125 0.0003125 0.1315625 
0.1 0.1 0.1 0.1 0.1 0.1 0.1 0.1 0.1 0.1 
0.0025 0.0025 0.0025 0.0025 0.0025 0.0025 0.0025 0.3025 0.6775 0.0025 
0.1 0.1 0.1 0.1 0.1 0.1 0.1 0.1 0.1 0.1 
0.186363636364 0.00454545454545 0.00454545454545 0.00454545454545 0.00454545454545 0.777272727273 0.00454545454545 0.00454545454545 0.00454545454545 0.00454545454545 
0.1 0.1 0.1 0.1 0.1 0.1 0.1 0.1 0.1 0.1 
0.00149253731343 0.210447761194 0.00149253731343 0.00149253731343 0.00149253731343 0.00149253731343 0.00149253731343 0.0313432835821 0.74776119403 0.00149253731343 
0.1 0.1 0.1 0.1 0.1 0.1 0.1 0.1 0.1 0.1 
0.00243902439024 0.00243902439024 0.00243902439024 0.00243902439024 0.00243902439024 0.00243902439024 0.539024390244 0.1 0.343902439024 0.00243902439024 
0.00119047619048 0.227380952381 0.00119047619048 0.25119047619 0.489285714286 0.025 0.00119047619048 0.00119047619048 0.00119047619048 0.00119047619048 
0.1 0.1 0.1 0.1 0.1 0.1 0.1 0.1 0.1 0.1 
0.1 0.1 0.1 0.1 0.1 0.1 0.1 0.1 0.1 0.1 
0.1 0.1 0.1 0.1 0.1 0.1 0.1 0.1 0.1 0.1 
0.1 0.1 0.1 0.1 0.1 0.1 0.1 0.1 0.1 0.1 
0.1 0.1 0.1 0.1 0.1 0.1 0.1 0.1 0.1 0.1 
0.0027027027027 0.110810810811 0.0027027027027 0.0837837837838 0.272972972973 0.110810810811 0.0027027027027 0.0027027027027 0.408108108108 0.0027027027027 
0.1 0.1 0.1 0.1 0.1 0.1 0.1 0.1 0.1 0.1 
0.0314285714286 0.00285714285714 0.00285714285714 0.802857142857 0.145714285714 0.00285714285714 0.00285714285714 0.00285714285714 0.00285714285714 0.00285714285714 
0.1 0.1 0.1 0.1 0.1 0.1 0.1 0.1 0.1 0.1 
0.00384615384615 0.696153846154 0.00384615384615 0.0807692307692 0.0423076923077 0.00384615384615 0.00384615384615 0.157692307692 0.00384615384615 0.00384615384615 
0.218367346939 0.000680272108844 0.476870748299 0.102721088435 0.000680272108844 0.000680272108844 0.184353741497 0.0142857142857 0.000680272108844 0.000680272108844 
0.1 0.1 0.1 0.1 0.1 0.1 0.1 0.1 0.1 0.1 
0.789361702128 0.00212765957447 0.00212765957447 0.00212765957447 0.00212765957447 0.0446808510638 0.129787234043 0.00212765957447 0.0234042553191 0.00212765957447 
0.421804511278 0.143609022556 0.00827067669173 0.000751879699248 0.000751879699248 0.369172932331 0.0533834586466 0.000751879699248 0.000751879699248 0.000751879699248 
0.96724137931 0.00172413793103 0.00172413793103 0.00172413793103 0.0189655172414 0.00172413793103 0.00172413793103 0.00172413793103 0.00172413793103 0.00172413793103 
0.0047619047619 0.480952380952 0.0047619047619 0.0047619047619 0.290476190476 0.147619047619 0.0047619047619 0.052380952381 0.0047619047619 0.0047619047619 
0.00128205128205 0.308974358974 0.308974358974 0.00128205128205 0.00128205128205 0.00128205128205 0.00128205128205 0.308974358974 0.0653846153846 0.00128205128205 
0.00188679245283 0.0396226415094 0.511320754717 0.00188679245283 0.416981132075 0.00188679245283 0.00188679245283 0.00188679245283 0.00188679245283 0.0207547169811 
0.00666666666667 0.673333333333 0.00666666666667 0.0733333333333 0.00666666666667 0.00666666666667 0.00666666666667 0.00666666666667 0.00666666666667 0.206666666667 
0.0016393442623 0.575409836066 0.0016393442623 0.296721311475 0.0016393442623 0.0016393442623 0.0016393442623 0.0016393442623 0.0016393442623 0.116393442623 
0.0030303030303 0.0030303030303 0.0030303030303 0.0030303030303 0.0030303030303 0.0030303030303 0.184848484848 0.609090909091 0.0030303030303 0.184848484848 
0.1 0.814285714286 0.0047619047619 0.0047619047619 0.0047619047619 0.0047619047619 0.0047619047619 0.0047619047619 0.0047619047619 0.052380952381 
0.00526315789474 0.215789473684 0.00526315789474 0.00526315789474 0.00526315789474 0.00526315789474 0.00526315789474 0.321052631579 0.00526315789474 0.426315789474 
0.00217391304348 0.00217391304348 0.00217391304348 0.697826086957 0.00217391304348 0.00217391304348 0.00217391304348 0.284782608696 0.00217391304348 0.00217391304348 
0.1 0.1 0.1 0.1 0.1 0.1 0.1 0.1 0.1 0.1 
0.00172413793103 0.294827586207 0.00172413793103 0.536206896552 0.00172413793103 0.00172413793103 0.00172413793103 0.156896551724 0.00172413793103 0.00172413793103 
0.1 0.1 0.1 0.1 0.1 0.1 0.1 0.1 0.1 0.1 
0.00119047619048 0.00119047619048 0.00119047619048 0.00119047619048 0.00119047619048 0.072619047619 0.227380952381 0.691666666667 0.00119047619048 0.00119047619048 
0.1 0.1 0.1 0.1 0.1 0.1 0.1 0.1 0.1 0.1 
0.00217391304348 0.567391304348 0.00217391304348 0.176086956522 0.00217391304348 0.0239130434783 0.0239130434783 0.132608695652 0.00217391304348 0.0673913043478 
0.00172413793103 0.243103448276 0.00172413793103 0.225862068966 0.312068965517 0.139655172414 0.00172413793103 0.00172413793103 0.0706896551724 0.00172413793103 
0.00232558139535 0.00232558139535 0.0720930232558 0.00232558139535 0.00232558139535 0.560465116279 0.00232558139535 0.00232558139535 0.00232558139535 0.351162790698 
0.0305555555556 0.00277777777778 0.00277777777778 0.00277777777778 0.502777777778 0.00277777777778 0.00277777777778 0.00277777777778 0.00277777777778 0.447222222222 
0.00153846153846 0.463076923077 0.0323076923077 0.109230769231 0.00153846153846 0.0784615384615 0.232307692308 0.0169230769231 0.00153846153846 0.0630769230769 
0.00357142857143 0.646428571429 0.00357142857143 0.00357142857143 0.00357142857143 0.325 0.00357142857143 0.00357142857143 0.00357142857143 0.00357142857143 
0.147282608696 0.603804347826 0.00054347826087 0.196195652174 0.00054347826087 0.00054347826087 0.0494565217391 0.00054347826087 0.00054347826087 0.00054347826087 
0.1 0.1 0.1 0.1 0.1 0.1 0.1 0.1 0.1 0.1 
0.02 0.02 0.02 0.02 0.02 0.02 0.82 0.02 0.02 0.02 
0.025 0.775 0.025 0.025 0.025 0.025 0.025 0.025 0.025 0.025 
0.02 0.82 0.02 0.02 0.02 0.02 0.02 0.02 0.02 0.02 
0.1 0.1 0.1 0.1 0.1 0.1 0.1 0.1 0.1 0.1 
0.025 0.025 0.275 0.025 0.025 0.025 0.525 0.025 0.025 0.025 
0.0111111111111 0.344444444444 0.122222222222 0.0111111111111 0.0111111111111 0.0111111111111 0.233333333333 0.0111111111111 0.0111111111111 0.233333333333 
0.0166666666667 0.0166666666667 0.183333333333 0.0166666666667 0.183333333333 0.35 0.0166666666667 0.183333333333 0.0166666666667 0.0166666666667 
0.1 0.1 0.1 0.1 0.1 0.1 0.1 0.1 0.1 0.1 
0.025 0.025 0.025 0.025 0.025 0.025 0.775 0.025 0.025 0.025 
0.02 0.02 0.02 0.42 0.02 0.02 0.02 0.02 0.02 0.42 
0.025 0.275 0.025 0.025 0.025 0.525 0.025 0.025 0.025 0.025 
0.0166666666667 0.35 0.0166666666667 0.0166666666667 0.35 0.0166666666667 0.0166666666667 0.183333333333 0.0166666666667 0.0166666666667 
0.0142857142857 0.0142857142857 0.0142857142857 0.0142857142857 0.0142857142857 0.0142857142857 0.442857142857 0.0142857142857 0.442857142857 0.0142857142857 
0.0166666666667 0.0166666666667 0.0166666666667 0.0166666666667 0.0166666666667 0.0166666666667 0.0166666666667 0.0166666666667 0.0166666666667 0.85 
0.1 0.1 0.1 0.1 0.1 0.1 0.1 0.1 0.1 0.1 
0.0333333333333 0.7 0.0333333333333 0.0333333333333 0.0333333333333 0.0333333333333 0.0333333333333 0.0333333333333 0.0333333333333 0.0333333333333 
0.585714285714 0.3 0.0142857142857 0.0142857142857 0.0142857142857 0.0142857142857 0.0142857142857 0.0142857142857 0.0142857142857 0.0142857142857 
0.0142857142857 0.0142857142857 0.0142857142857 0.0142857142857 0.0142857142857 0.3 0.0142857142857 0.0142857142857 0.0142857142857 0.585714285714 
0.0846153846154 0.00769230769231 0.00769230769231 0.00769230769231 0.00769230769231 0.00769230769231 0.623076923077 0.00769230769231 0.00769230769231 0.238461538462 
0.00133333333333 0.0146666666667 0.148 0.814666666667 0.00133333333333 0.0146666666667 0.00133333333333 0.00133333333333 0.00133333333333 0.00133333333333 
0.00833333333333 0.508333333333 0.00833333333333 0.258333333333 0.00833333333333 0.00833333333333 0.00833333333333 0.00833333333333 0.175 0.00833333333333 
0.05 0.777272727273 0.00454545454545 0.00454545454545 0.00454545454545 0.00454545454545 0.00454545454545 0.140909090909 0.00454545454545 0.00454545454545 
0.02 0.02 0.02 0.82 0.02 0.02 0.02 0.02 0.02 0.02 
0.0333333333333 0.0333333333333 0.0333333333333 0.0333333333333 0.0333333333333 0.0333333333333 0.0333333333333 0.7 0.0333333333333 0.0333333333333 
0.0125 0.0125 0.0125 0.3875 0.5125 0.0125 0.0125 0.0125 0.0125 0.0125 
0.0142857142857 0.0142857142857 0.0142857142857 0.0142857142857 0.0142857142857 0.871428571429 0.0142857142857 0.0142857142857 0.0142857142857 0.0142857142857 
0.0111111111111 0.0111111111111 0.0111111111111 0.0111111111111 0.0111111111111 0.9 0.0111111111111 0.0111111111111 0.0111111111111 0.0111111111111 
0.0111111111111 0.0111111111111 0.344444444444 0.455555555556 0.0111111111111 0.122222222222 0.0111111111111 0.0111111111111 0.0111111111111 0.0111111111111 
0.00909090909091 0.281818181818 0.00909090909091 0.645454545455 0.00909090909091 0.00909090909091 0.00909090909091 0.00909090909091 0.00909090909091 0.00909090909091 
0.281818181818 0.00909090909091 0.00909090909091 0.645454545455 0.00909090909091 0.00909090909091 0.00909090909091 0.00909090909091 0.00909090909091 0.00909090909091 
0.000454545454545 0.150454545455 0.000454545454545 0.0504545454545 0.000454545454545 0.0368181818182 0.0322727272727 0.541363636364 0.000454545454545 0.186818181818 
0.1 0.1 0.1 0.1 0.1 0.1 0.1 0.1 0.1 0.1 
0.003125 0.065625 0.190625 0.596875 0.003125 0.128125 0.003125 0.003125 0.003125 0.003125 
0.1 0.1 0.1 0.1 0.1 0.1 0.1 0.1 0.1 0.1 
0.258139534884 0.00232558139535 0.23488372093 0.327906976744 0.00232558139535 0.00232558139535 0.00232558139535 0.00232558139535 0.00232558139535 0.16511627907 
0.1 0.1 0.1 0.1 0.1 0.1 0.1 0.1 0.1 0.1 
0.397916666667 0.0229166666667 0.189583333333 0.35625 0.00208333333333 0.00208333333333 0.0229166666667 0.00208333333333 0.00208333333333 0.00208333333333 
0.000574712643678 0.104022988506 0.000574712643678 0.127011494253 0.0120689655172 0.000574712643678 0.000574712643678 0.753448275862 0.000574712643678 0.000574712643678 
0.00416666666667 0.170833333333 0.670833333333 0.0458333333333 0.00416666666667 0.0458333333333 0.00416666666667 0.0458333333333 0.00416666666667 0.00416666666667 
0.00333333333333 0.00333333333333 0.00333333333333 0.00333333333333 0.703333333333 0.0366666666667 0.00333333333333 0.00333333333333 0.236666666667 0.00333333333333 
0.1 0.0677419354839 0.261290322581 0.0354838709677 0.454838709677 0.00322580645161 0.00322580645161 0.0677419354839 0.00322580645161 0.00322580645161 
0.000581395348837 0.0761627906977 0.151744186047 0.477325581395 0.000581395348837 0.0122093023256 0.151744186047 0.0936046511628 0.0296511627907 0.00639534883721 
0.00833333333333 0.591666666667 0.00833333333333 0.341666666667 0.00833333333333 0.00833333333333 0.00833333333333 0.00833333333333 0.00833333333333 0.00833333333333 
0.05 0.822727272727 0.00454545454545 0.00454545454545 0.00454545454545 0.00454545454545 0.00454545454545 0.0954545454545 0.00454545454545 0.00454545454545 
0.02 0.02 0.02 0.82 0.02 0.02 0.02 0.02 0.02 0.02 
0.0333333333333 0.0333333333333 0.0333333333333 0.0333333333333 0.0333333333333 0.7 0.0333333333333 0.0333333333333 0.0333333333333 0.0333333333333 
0.0125 0.0125 0.0125 0.1375 0.2625 0.0125 0.0125 0.3875 0.1375 0.0125 
0.0142857142857 0.0142857142857 0.0142857142857 0.0142857142857 0.0142857142857 0.871428571429 0.0142857142857 0.0142857142857 0.0142857142857 0.0142857142857 
0.0111111111111 0.0111111111111 0.0111111111111 0.0111111111111 0.0111111111111 0.9 0.0111111111111 0.0111111111111 0.0111111111111 0.0111111111111 
0.0111111111111 0.0111111111111 0.0111111111111 0.9 0.0111111111111 0.0111111111111 0.0111111111111 0.0111111111111 0.0111111111111 0.0111111111111 
0.00909090909091 0.1 0.00909090909091 0.736363636364 0.00909090909091 0.00909090909091 0.00909090909091 0.00909090909091 0.00909090909091 0.1 
0.00909090909091 0.00909090909091 0.00909090909091 0.736363636364 0.00909090909091 0.00909090909091 0.00909090909091 0.1 0.00909090909091 0.1 
0.025 0.025 0.025 0.275 0.275 0.025 0.025 0.025 0.025 0.275 
0.0333333333333 0.0333333333333 0.0333333333333 0.0333333333333 0.7 0.0333333333333 0.0333333333333 0.0333333333333 0.0333333333333 0.0333333333333 
0.254666666667 0.241333333333 0.161333333333 0.00133333333333 0.00133333333333 0.254666666667 0.00133333333333 0.0813333333333 0.00133333333333 0.00133333333333 
0.060396039604 0.060396039604 0.614851485149 0.070297029703 0.000990099009901 0.000990099009901 0.000990099009901 0.0306930693069 0.159405940594 0.000990099009901 
0.531578947368 0.00526315789474 0.110526315789 0.00526315789474 0.00526315789474 0.00526315789474 0.110526315789 0.215789473684 0.00526315789474 0.00526315789474 
0.00769230769231 0.00769230769231 0.00769230769231 0.00769230769231 0.00769230769231 0.00769230769231 0.00769230769231 0.0846153846154 0.00769230769231 0.853846153846 
0.00217391304348 0.00217391304348 0.00217391304348 0.00217391304348 0.00217391304348 0.00217391304348 0.241304347826 0.00217391304348 0.741304347826 0.00217391304348 
0.05 0.05 0.05 0.55 0.05 0.05 0.05 0.05 0.05 0.05 
0.00454545454545 0.0954545454545 0.00454545454545 0.00454545454545 0.00454545454545 0.05 0.277272727273 0.00454545454545 0.55 0.00454545454545 
0.00714285714286 0.00714285714286 0.00714285714286 0.00714285714286 0.00714285714286 0.00714285714286 0.00714285714286 0.507142857143 0.435714285714 0.00714285714286 
0.00625 0.00625 0.00625 0.00625 0.00625 0.19375 0.00625 0.00625 0.75625 0.00625 
0.00714285714286 0.00714285714286 0.00714285714286 0.0785714285714 0.292857142857 0.00714285714286 0.00714285714286 0.0785714285714 0.507142857143 0.00714285714286 
0.0166666666667 0.0166666666667 0.0166666666667 0.0166666666667 0.0166666666667 0.183333333333 0.183333333333 0.0166666666667 0.516666666667 0.0166666666667 
0.00833333333333 0.00833333333333 0.00833333333333 0.00833333333333 0.00833333333333 0.00833333333333 0.00833333333333 0.00833333333333 0.925 0.00833333333333 
0.21 0.01 0.01 0.01 0.01 0.31 0.01 0.01 0.41 0.01 
0.05 0.05 0.05 0.55 0.05 0.05 0.05 0.05 0.05 0.05 
0.00833333333333 0.00833333333333 0.00833333333333 0.00833333333333 0.00833333333333 0.00833333333333 0.00833333333333 0.00833333333333 0.0916666666667 0.841666666667 
0.122222222222 0.0111111111111 0.0111111111111 0.0111111111111 0.0111111111111 0.0111111111111 0.233333333333 0.0111111111111 0.566666666667 0.0111111111111 
0.05 0.05 0.05 0.05 0.05 0.05 0.05 0.05 0.05 0.55 
0.005 0.005 0.005 0.005 0.005 0.005 0.305 0.055 0.605 0.005 
0.00434782608696 0.00434782608696 0.00434782608696 0.00434782608696 0.00434782608696 0.00434782608696 0.00434782608696 0.00434782608696 0.830434782609 0.134782608696 
0.00434782608696 0.0913043478261 0.00434782608696 0.00434782608696 0.00434782608696 0.0478260869565 0.352173913043 0.00434782608696 0.482608695652 0.00434782608696 
0.00222222222222 0.0244444444444 0.00222222222222 0.246666666667 0.00222222222222 0.113333333333 0.224444444444 0.00222222222222 0.38 0.00222222222222 
0.134210526316 0.686842105263 0.00263157894737 0.134210526316 0.00263157894737 0.00263157894737 0.00263157894737 0.00263157894737 0.00263157894737 0.0289473684211 
0.223456790123 0.00123456790123 0.00123456790123 0.00123456790123 0.47037037037 0.00123456790123 0.198765432099 0.1 0.00123456790123 0.00123456790123 
0.1 0.1 0.1 0.1 0.1 0.1 0.1 0.1 0.1 0.1 
0.476470588235 0.00588235294118 0.00588235294118 0.182352941176 0.182352941176 0.00588235294118 0.00588235294118 0.123529411765 0.00588235294118 0.00588235294118 
0.1 0.1 0.1 0.1 0.1 0.1 0.1 0.1 0.1 0.1 
0.427272727273 0.0030303030303 0.0030303030303 0.0030303030303 0.0030303030303 0.0030303030303 0.548484848485 0.0030303030303 0.0030303030303 0.0030303030303 
0.297727272727 0.00227272727273 0.00227272727273 0.00227272727273 0.00227272727273 0.00227272727273 0.570454545455 0.00227272727273 0.115909090909 0.00227272727273 
0.430612244898 0.0632653061224 0.0224489795918 0.00204081632653 0.00204081632653 0.00204081632653 0.0632653061224 0.0836734693878 0.328571428571 0.00204081632653 
0.00277777777778 0.669444444444 0.00277777777778 0.00277777777778 0.00277777777778 0.00277777777778 0.141666666667 0.0305555555556 0.00277777777778 0.141666666667 
0.003125 0.190625 0.003125 0.003125 0.003125 0.003125 0.284375 0.503125 0.003125 0.003125 
0.1 0.1 0.1 0.1 0.1 0.1 0.1 0.1 0.1 0.1 
0.1 0.1 0.1 0.1 0.1 0.1 0.1 0.1 0.1 0.1 
0.00135135135135 0.00135135135135 0.0148648648649 0.312162162162 0.00135135135135 0.00135135135135 0.00135135135135 0.636486486486 0.0148648648649 0.0148648648649 
0.0166666666667 0.0166666666667 0.0166666666667 0.85 0.0166666666667 0.0166666666667 0.0166666666667 0.0166666666667 0.0166666666667 0.0166666666667 
0.683333333333 0.0166666666667 0.0166666666667 0.0166666666667 0.0166666666667 0.0166666666667 0.183333333333 0.0166666666667 0.0166666666667 0.0166666666667 
0.00454545454545 0.00454545454545 0.00454545454545 0.640909090909 0.00454545454545 0.00454545454545 0.00454545454545 0.00454545454545 0.00454545454545 0.322727272727 
0.185 0.618333333333 0.00166666666667 0.0516666666667 0.135 0.00166666666667 0.00166666666667 0.00166666666667 0.00166666666667 0.00166666666667 
0.0144736842105 0.146052631579 0.0144736842105 0.251315789474 0.396052631579 0.0144736842105 0.00131578947368 0.00131578947368 0.00131578947368 0.159210526316 
0.00208333333333 0.689583333333 0.00208333333333 0.29375 0.00208333333333 0.00208333333333 0.00208333333333 0.00208333333333 0.00208333333333 0.00208333333333 
0.0166666666667 0.0166666666667 0.0166666666667 0.85 0.0166666666667 0.0166666666667 0.0166666666667 0.0166666666667 0.0166666666667 0.0166666666667 
0.683333333333 0.0166666666667 0.0166666666667 0.0166666666667 0.0166666666667 0.0166666666667 0.0166666666667 0.0166666666667 0.0166666666667 0.183333333333 
0.00454545454545 0.00454545454545 0.00454545454545 0.595454545455 0.00454545454545 0.00454545454545 0.00454545454545 0.00454545454545 0.0954545454545 0.277272727273 
0.00131578947368 0.501315789474 0.303947368421 0.00131578947368 0.0144736842105 0.00131578947368 0.172368421053 0.00131578947368 0.00131578947368 0.00131578947368 
0.00217391304348 0.045652173913 0.176086956522 0.110869565217 0.00217391304348 0.110869565217 0.110869565217 0.436956521739 0.00217391304348 0.00217391304348 
0.035652173913 0.000869565217391 0.044347826087 0.0095652173913 0.000869565217391 0.000869565217391 0.192173913043 0.38347826087 0.279130434783 0.0530434782609 
0.00769230769231 0.00769230769231 0.00769230769231 0.0846153846154 0.00769230769231 0.00769230769231 0.238461538462 0.00769230769231 0.00769230769231 0.623076923077 
0.00526315789474 0.00526315789474 0.00526315789474 0.584210526316 0.268421052632 0.00526315789474 0.110526315789 0.00526315789474 0.00526315789474 0.00526315789474 
0.00416666666667 0.00416666666667 0.00416666666667 0.9625 0.00416666666667 0.00416666666667 0.00416666666667 0.00416666666667 0.00416666666667 0.00416666666667 
0.0037037037037 0.0037037037037 0.0037037037037 0.522222222222 0.3 0.0037037037037 0.0037037037037 0.114814814815 0.0037037037037 0.0407407407407 
0.1 0.1 0.1 0.1 0.1 0.1 0.1 0.1 0.1 0.1 
0.0333333333333 0.0333333333333 0.0030303030303 0.0030303030303 0.0030303030303 0.0030303030303 0.0030303030303 0.245454545455 0.0030303030303 0.669696969697 
0.1 0.1 0.1 0.1 0.1 0.1 0.1 0.1 0.1 0.1 
0.017816091954 0.000574712643678 0.000574712643678 0.224712643678 0.00632183908046 0.000574712643678 0.000574712643678 0.695977011494 0.0120689655172 0.0408045977011 
0.00322580645161 0.00322580645161 0.00322580645161 0.00322580645161 0.00322580645161 0.00322580645161 0.51935483871 0.422580645161 0.00322580645161 0.0354838709677 
0.423684210526 0.00263157894737 0.00263157894737 0.107894736842 0.00263157894737 0.00263157894737 0.318421052632 0.00263157894737 0.134210526316 0.00263157894737 
0.1 0.1 0.1 0.1 0.1 0.1 0.1 0.1 0.1 0.1 
0.0414141414141 0.0010101010101 0.0111111111111 0.374747474747 0.0515151515152 0.0111111111111 0.0212121212121 0.485858585859 0.0010101010101 0.0010101010101 
0.1 0.1 0.1 0.1 0.1 0.1 0.1 0.1 0.1 0.1 
0.025 0.025 0.275 0.275 0.025 0.025 0.025 0.275 0.025 0.025 
0.00909090909091 0.827272727273 0.00909090909091 0.00909090909091 0.00909090909091 0.00909090909091 0.00909090909091 0.1 0.00909090909091 0.00909090909091 
0.0142857142857 0.0142857142857 0.0142857142857 0.0142857142857 0.0142857142857 0.0142857142857 0.0142857142857 0.871428571429 0.0142857142857 0.0142857142857 
0.00625 0.56875 0.00625 0.00625 0.00625 0.00625 0.06875 0.31875 0.00625 0.00625 
0.00181818181818 0.00181818181818 0.110909090909 0.00181818181818 0.42 0.183636363636 0.0563636363636 0.201818181818 0.00181818181818 0.02 
0.00909090909091 0.00909090909091 0.00909090909091 0.00909090909091 0.00909090909091 0.00909090909091 0.00909090909091 0.736363636364 0.190909090909 0.00909090909091 
0.0333333333333 0.0333333333333 0.0333333333333 0.0333333333333 0.0333333333333 0.0333333333333 0.7 0.0333333333333 0.0333333333333 0.0333333333333 
0.0333333333333 0.0333333333333 0.0333333333333 0.0333333333333 0.7 0.0333333333333 0.0333333333333 0.0333333333333 0.0333333333333 0.0333333333333 
0.025 0.025 0.025 0.025 0.025 0.025 0.275 0.525 0.025 0.025 
0.025 0.775 0.025 0.025 0.025 0.025 0.025 0.025 0.025 0.025 
0.025 0.025 0.025 0.025 0.025 0.025 0.025 0.025 0.025 0.775 
0.124 0.244 0.004 0.404 0.004 0.004 0.004 0.004 0.204 0.004 
0.1 0.1 0.1 0.1 0.1 0.1 0.1 0.1 0.1 0.1 
0.00144927536232 0.320289855072 0.00144927536232 0.00144927536232 0.0159420289855 0.00144927536232 0.00144927536232 0.00144927536232 0.00144927536232 0.653623188406 
0.1 0.1 0.1 0.1 0.1 0.1 0.1 0.1 0.1 0.1 
0.1 0.1 0.1 0.1 0.1 0.1 0.1 0.1 0.1 0.1 
0.0166666666667 0.0166666666667 0.0166666666667 0.0166666666667 0.0166666666667 0.0166666666667 0.0166666666667 0.0166666666667 0.0166666666667 0.85 
0.1 0.1 0.1 0.1 0.1 0.1 0.1 0.1 0.1 0.1 
0.1 0.1 0.1 0.1 0.1 0.1 0.1 0.1 0.1 0.1 
0.1 0.1 0.1 0.1 0.1 0.1 0.1 0.1 0.1 0.1 
0.00833333333333 0.258333333333 0.0916666666667 0.00833333333333 0.00833333333333 0.00833333333333 0.425 0.175 0.00833333333333 0.00833333333333 
0.1 0.1 0.1 0.1 0.1 0.1 0.1 0.1 0.1 0.1 
0.0111111111111 0.233333333333 0.0111111111111 0.0111111111111 0.0111111111111 0.0111111111111 0.0111111111111 0.0111111111111 0.0111111111111 0.677777777778 
0.1 0.1 0.1 0.1 0.1 0.1 0.1 0.1 0.1 0.1 
0.1 0.1 0.1 0.1 0.1 0.1 0.1 0.1 0.1 0.1 
0.1 0.1 0.1 0.1 0.1 0.1 0.1 0.1 0.1 0.1 
0.0111111111111 0.122222222222 0.0111111111111 0.122222222222 0.0111111111111 0.0111111111111 0.0111111111111 0.0111111111111 0.0111111111111 0.677777777778 
0.0111111111111 0.0111111111111 0.0111111111111 0.0111111111111 0.0111111111111 0.0111111111111 0.0111111111111 0.122222222222 0.0111111111111 0.788888888889 
0.005 0.505 0.005 0.005 0.005 0.005 0.005 0.005 0.005 0.455 
0.05 0.05 0.05 0.05 0.55 0.05 0.05 0.05 0.05 0.05 
0.02 0.62 0.02 0.02 0.22 0.02 0.02 0.02 0.02 0.02 
0.366666666667 0.366666666667 0.0333333333333 0.0333333333333 0.0333333333333 0.0333333333333 0.0333333333333 0.0333333333333 0.0333333333333 0.0333333333333 
0.0333333333333 0.0333333333333 0.0333333333333 0.0333333333333 0.366666666667 0.0333333333333 0.0333333333333 0.0333333333333 0.0333333333333 0.366666666667 
0.025 0.025 0.025 0.025 0.025 0.025 0.025 0.275 0.025 0.525 
0.0111111111111 0.233333333333 0.0111111111111 0.0111111111111 0.0111111111111 0.0111111111111 0.0111111111111 0.0111111111111 0.0111111111111 0.677777777778 
0.00909090909091 0.00909090909091 0.00909090909091 0.00909090909091 0.00909090909091 0.00909090909091 0.00909090909091 0.00909090909091 0.00909090909091 0.918181818182 
0.00588235294118 0.00588235294118 0.00588235294118 0.00588235294118 0.00588235294118 0.00588235294118 0.00588235294118 0.00588235294118 0.00588235294118 0.947058823529 
0.0111111111111 0.0111111111111 0.0111111111111 0.0111111111111 0.0111111111111 0.0111111111111 0.0111111111111 0.0111111111111 0.0111111111111 0.9 
0.00625 0.00625 0.00625 0.00625 0.00625 0.00625 0.00625 0.94375 0.00625 0.00625 
0.1 0.1 0.1 0.1 0.1 0.1 0.1 0.1 0.1 0.1 
0.00434782608696 0.308695652174 0.0478260869565 0.00434782608696 0.00434782608696 0.00434782608696 0.178260869565 0.439130434783 0.00434782608696 0.00434782608696 
0.1 0.1 0.1 0.1 0.1 0.1 0.1 0.1 0.1 0.1 
0.0477272727273 0.229545454545 0.00227272727273 0.252272727273 0.00227272727273 0.00227272727273 0.00227272727273 0.456818181818 0.00227272727273 0.00227272727273 
0.1 0.1 0.1 0.1 0.1 0.1 0.1 0.1 0.1 0.1 
0.0159420289855 0.53768115942 0.00144927536232 0.00144927536232 0.00144927536232 0.334782608696 0.00144927536232 0.00144927536232 0.00144927536232 0.102898550725 
0.00217391304348 0.35 0.00217391304348 0.00217391304348 0.00217391304348 0.458695652174 0.00217391304348 0.0891304347826 0.00217391304348 0.0891304347826 
0.707058823529 0.130588235294 0.00117647058824 0.00117647058824 0.0247058823529 0.00117647058824 0.00117647058824 0.00117647058824 0.0247058823529 0.107058823529 
0.717857142857 0.00357142857143 0.00357142857143 0.00357142857143 0.00357142857143 0.075 0.00357142857143 0.182142857143 0.00357142857143 0.00357142857143 
0.394642857143 0.0196428571429 0.00178571428571 0.126785714286 0.00178571428571 0.00178571428571 0.00178571428571 0.323214285714 0.0196428571429 0.108928571429 
0.503125 0.003125 0.034375 0.003125 0.034375 0.003125 0.003125 0.409375 0.003125 0.003125 
0.056043956044 0.0010989010989 0.341758241758 0.341758241758 0.0010989010989 0.0120879120879 0.0010989010989 0.242857142857 0.0010989010989 0.0010989010989 
0.0640625 0.0015625 0.0015625 0.3765625 0.0015625 0.2515625 0.0015625 0.2828125 0.0171875 0.0015625 
0.1 0.1 0.1 0.1 0.1 0.1 0.1 0.1 0.1 0.1 
0.0333333333333 0.0333333333333 0.0333333333333 0.7 0.0333333333333 0.0333333333333 0.0333333333333 0.0333333333333 0.0333333333333 0.0333333333333 
0.00192307692308 0.00192307692308 0.00192307692308 0.175 0.0980769230769 0.232692307692 0.0596153846154 0.425 0.00192307692308 0.00192307692308 
0.00227272727273 0.0477272727273 0.00227272727273 0.00227272727273 0.00227272727273 0.888636363636 0.00227272727273 0.0477272727273 0.00227272727273 0.00227272727273 
0.00169491525424 0.662711864407 0.00169491525424 0.272881355932 0.00169491525424 0.00169491525424 0.0525423728814 0.00169491525424 0.00169491525424 0.00169491525424 
0.1 0.1 0.1 0.1 0.1 0.1 0.1 0.1 0.1 0.1 
0.00142857142857 0.558571428571 0.00142857142857 0.00142857142857 0.415714285714 0.00142857142857 0.00142857142857 0.00142857142857 0.0157142857143 0.00142857142857 
0.1 0.1 0.1 0.1 0.1 0.1 0.1 0.1 0.1 0.1 
0.00169491525424 0.103389830508 0.00169491525424 0.0186440677966 0.137288135593 0.00169491525424 0.00169491525424 0.54406779661 0.18813559322 0.00169491525424 
0.1 0.1 0.1 0.1 0.1 0.1 0.1 0.1 0.1 0.1 
0.004 0.564 0.084 0.004 0.004 0.244 0.004 0.004 0.004 0.084 
0.1 0.1 0.1 0.1 0.1 0.1 0.1 0.1 0.1 0.1 
0.00416666666667 0.420833333333 0.0875 0.0875 0.0458333333333 0.129166666667 0.00416666666667 0.0875 0.129166666667 0.00416666666667 
0.00175438596491 0.528070175439 0.159649122807 0.0719298245614 0.0543859649123 0.019298245614 0.00175438596491 0.00175438596491 0.0368421052632 0.124561403509 
0.229032258065 0.551612903226 0.164516129032 0.00322580645161 0.00322580645161 0.0354838709677 0.00322580645161 0.00322580645161 0.00322580645161 0.00322580645161 
0.00151515151515 0.456060606061 0.440909090909 0.00151515151515 0.0772727272727 0.0166666666667 0.00151515151515 0.00151515151515 0.00151515151515 0.00151515151515 
0.00147058823529 0.398529411765 0.310294117647 0.0897058823529 0.192647058824 0.00147058823529 0.00147058823529 0.00147058823529 0.00147058823529 0.00147058823529 
0.004 0.004 0.004 0.764 0.084 0.004 0.124 0.004 0.004 0.004 
0.603333333333 0.203333333333 0.00333333333333 0.00333333333333 0.136666666667 0.00333333333333 0.00333333333333 0.0366666666667 0.00333333333333 0.00333333333333 
0.00526315789474 0.00526315789474 0.0578947368421 0.9 0.00526315789474 0.00526315789474 0.00526315789474 0.00526315789474 0.00526315789474 0.00526315789474 
0.0142857142857 0.3 0.0142857142857 0.0142857142857 0.0142857142857 0.0142857142857 0.0142857142857 0.0142857142857 0.0142857142857 0.585714285714 
0.82 0.02 0.02 0.02 0.02 0.02 0.02 0.02 0.02 0.02 
0.000392156862745 0.22 0.000392156862745 0.231764705882 0.0043137254902 0.000392156862745 0.176862745098 0.357254901961 0.000392156862745 0.00823529411765 
0.00277777777778 0.00277777777778 0.00277777777778 0.00277777777778 0.00277777777778 0.0305555555556 0.613888888889 0.280555555556 0.0583333333333 0.00277777777778 
0.1 0.1 0.1 0.1 0.1 0.1 0.1 0.1 0.1 0.1 
0.003125 0.628125 0.003125 0.003125 0.003125 0.003125 0.003125 0.003125 0.346875 0.003125 
0.1 0.1 0.1 0.1 0.1 0.1 0.1 0.1 0.1 0.1 
0.189622641509 0.302830188679 0.000943396226415 0.0103773584906 0.0103773584906 0.482075471698 0.000943396226415 0.000943396226415 0.000943396226415 0.000943396226415 
0.795890410959 0.0013698630137 0.0424657534247 0.0013698630137 0.11095890411 0.0150684931507 0.0013698630137 0.0287671232877 0.0013698630137 0.0013698630137 
0.00131578947368 0.277631578947 0.198684210526 0.00131578947368 0.225 0.290789473684 0.00131578947368 0.00131578947368 0.00131578947368 0.00131578947368 
0.00285714285714 0.00285714285714 0.145714285714 0.402857142857 0.00285714285714 0.00285714285714 0.431428571429 0.00285714285714 0.00285714285714 0.00285714285714 
0.00588235294118 0.241176470588 0.00588235294118 0.0647058823529 0.00588235294118 0.00588235294118 0.00588235294118 0.00588235294118 0.652941176471 0.00588235294118 
0.0954545454545 0.00454545454545 0.00454545454545 0.822727272727 0.05 0.00454545454545 0.00454545454545 0.00454545454545 0.00454545454545 0.00454545454545 
0.1 0.1 0.1 0.1 0.1 0.1 0.1 0.1 0.1 0.1 
