0.00714285714286 0.00714285714286 0.292857142857 0.65 0.00714285714286 0.00714285714286 0.00714285714286 0.00714285714286 0.00714285714286 0.00714285714286 
0.1 0.1 0.1 0.1 0.1 0.1 0.1 0.1 0.1 0.1 
0.00277777777778 0.00277777777778 0.00277777777778 0.447222222222 0.308333333333 0.00277777777778 0.00277777777778 0.225 0.00277777777778 0.00277777777778 
0.1 0.1 0.1 0.1 0.1 0.1 0.1 0.1 0.1 0.1 
0.0111111111111 0.344444444444 0.0111111111111 0.0111111111111 0.0111111111111 0.0111111111111 0.0111111111111 0.455555555556 0.0111111111111 0.122222222222 
0.1 0.1 0.1 0.1 0.1 0.1 0.1 0.1 0.1 0.1 
0.00769230769231 0.00769230769231 0.238461538462 0.00769230769231 0.00769230769231 0.00769230769231 0.00769230769231 0.7 0.00769230769231 0.00769230769231 
0.1 0.1 0.1 0.1 0.1 0.1 0.1 0.1 0.1 0.1 
0.0142857142857 0.0142857142857 0.0142857142857 0.871428571429 0.0142857142857 0.0142857142857 0.0142857142857 0.0142857142857 0.0142857142857 0.0142857142857 
0.1 0.1 0.1 0.1 0.1 0.1 0.1 0.1 0.1 0.1 
0.003125 0.003125 0.003125 0.440625 0.003125 0.003125 0.003125 0.534375 0.003125 0.003125 
0.00227272727273 0.206818181818 0.00227272727273 0.434090909091 0.00227272727273 0.00227272727273 0.00227272727273 0.343181818182 0.00227272727273 0.00227272727273 
0.1 0.1 0.1 0.1 0.1 0.1 0.1 0.1 0.1 0.1 
0.00212765957447 0.108510638298 0.00212765957447 0.0446808510638 0.00212765957447 0.00212765957447 0.0446808510638 0.789361702128 0.00212765957447 0.00212765957447 
0.1 0.1 0.1 0.1 0.1 0.1 0.1 0.1 0.1 0.1 
0.295833333333 0.00416666666667 0.00416666666667 0.00416666666667 0.00416666666667 0.00416666666667 0.00416666666667 0.670833333333 0.00416666666667 0.00416666666667 
0.1 0.1 0.1 0.1 0.1 0.1 0.1 0.1 0.1 0.1 
0.00769230769231 0.00769230769231 0.00769230769231 0.00769230769231 0.00769230769231 0.238461538462 0.161538461538 0.546153846154 0.00769230769231 0.00769230769231 
0.1 0.1 0.1 0.1 0.1 0.1 0.1 0.1 0.1 0.1 
0.0166666666667 0.0166666666667 0.0166666666667 0.0166666666667 0.0166666666667 0.0166666666667 0.0166666666667 0.0166666666667 0.85 0.0166666666667 
0.1 0.1 0.1 0.1 0.1 0.1 0.1 0.1 0.1 0.1 
0.1 0.1 0.1 0.1 0.1 0.1 0.1 0.1 0.1 0.1 
0.1 0.1 0.1 0.1 0.1 0.1 0.1 0.1 0.1 0.1 
0.1 0.1 0.1 0.1 0.1 0.1 0.1 0.1 0.1 0.1 
0.0037037037037 0.0037037037037 0.114814814815 0.0777777777778 0.0777777777778 0.0037037037037 0.0037037037037 0.0407407407407 0.0777777777778 0.596296296296 
0.1 0.1 0.1 0.1 0.1 0.1 0.1 0.1 0.1 0.1 
0.0142857142857 0.0142857142857 0.0142857142857 0.0142857142857 0.0142857142857 0.0142857142857 0.442857142857 0.0142857142857 0.0142857142857 0.442857142857 
0.0166666666667 0.0166666666667 0.0166666666667 0.0166666666667 0.85 0.0166666666667 0.0166666666667 0.0166666666667 0.0166666666667 0.0166666666667 
0.0142857142857 0.0142857142857 0.0142857142857 0.0142857142857 0.0142857142857 0.0142857142857 0.3 0.0142857142857 0.0142857142857 0.585714285714 
0.0166666666667 0.0166666666667 0.0166666666667 0.0166666666667 0.85 0.0166666666667 0.0166666666667 0.0166666666667 0.0166666666667 0.0166666666667 
0.02 0.02 0.02 0.02 0.02 0.02 0.22 0.02 0.02 0.62 
0.0166666666667 0.0166666666667 0.0166666666667 0.0166666666667 0.85 0.0166666666667 0.0166666666667 0.0166666666667 0.0166666666667 0.0166666666667 
0.1 0.1 0.1 0.1 0.1 0.1 0.1 0.1 0.1 0.1 
0.002 0.142 0.002 0.382 0.002 0.002 0.002 0.002 0.002 0.462 
0.1 0.1 0.1 0.1 0.1 0.1 0.1 0.1 0.1 0.1 
0.0835051546392 0.00103092783505 0.00103092783505 0.0525773195876 0.00103092783505 0.00103092783505 0.526804123711 0.10412371134 0.227835051546 0.00103092783505 
0.1 0.1 0.1 0.1 0.1 0.1 0.1 0.1 0.1 0.1 
0.0465909090909 0.160227272727 0.00113636363636 0.00113636363636 0.00113636363636 0.00113636363636 0.785227272727 0.00113636363636 0.00113636363636 0.00113636363636 
0.00666666666667 0.54 0.00666666666667 0.0733333333333 0.00666666666667 0.00666666666667 0.00666666666667 0.00666666666667 0.00666666666667 0.34 
0.871428571429 0.0142857142857 0.0142857142857 0.0142857142857 0.0142857142857 0.0142857142857 0.0142857142857 0.0142857142857 0.0142857142857 0.0142857142857 
0.1 0.1 0.1 0.1 0.1 0.1 0.1 0.1 0.1 0.1 
0.00555555555556 0.00555555555556 0.00555555555556 0.45 0.00555555555556 0.227777777778 0.00555555555556 0.00555555555556 0.00555555555556 0.283333333333 
0.00625 0.00625 0.00625 0.13125 0.00625 0.75625 0.00625 0.06875 0.00625 0.00625 
0.00714285714286 0.00714285714286 0.00714285714286 0.00714285714286 0.00714285714286 0.578571428571 0.0785714285714 0.00714285714286 0.292857142857 0.00714285714286 
0.00588235294118 0.00588235294118 0.00588235294118 0.00588235294118 0.00588235294118 0.00588235294118 0.00588235294118 0.00588235294118 0.947058823529 0.00588235294118 
0.00526315789474 0.110526315789 0.110526315789 0.00526315789474 0.00526315789474 0.00526315789474 0.00526315789474 0.742105263158 0.00526315789474 0.00526315789474 
0.1 0.1 0.1 0.1 0.1 0.1 0.1 0.1 0.1 0.1 
0.02 0.02 0.02 0.02 0.82 0.02 0.02 0.02 0.02 0.02 
0.0125 0.3875 0.0125 0.0125 0.0125 0.0125 0.0125 0.5125 0.0125 0.0125 
0.0166666666667 0.0166666666667 0.0166666666667 0.0166666666667 0.0166666666667 0.0166666666667 0.0166666666667 0.0166666666667 0.85 0.0166666666667 
0.0111111111111 0.0111111111111 0.0111111111111 0.0111111111111 0.0111111111111 0.0111111111111 0.0111111111111 0.0111111111111 0.9 0.0111111111111 
0.0111111111111 0.0111111111111 0.0111111111111 0.0111111111111 0.9 0.0111111111111 0.0111111111111 0.0111111111111 0.0111111111111 0.0111111111111 
0.005 0.005 0.005 0.005 0.005 0.005 0.005 0.205 0.755 0.005 
0.1 0.1 0.1 0.1 0.1 0.1 0.1 0.1 0.1 0.1 
0.22 0.02 0.62 0.02 0.02 0.02 0.02 0.02 0.02 0.02 
0.01 0.01 0.51 0.01 0.11 0.01 0.11 0.21 0.01 0.01 
0.02 0.02 0.02 0.02 0.02 0.02 0.02 0.02 0.82 0.02 
0.1 0.1 0.1 0.1 0.1 0.1 0.1 0.1 0.1 0.1 
0.05 0.05 0.05 0.05 0.05 0.05 0.05 0.05 0.55 0.05 
0.002 0.002 0.002 0.122 0.522 0.002 0.002 0.342 0.002 0.002 
0.1 0.1 0.1 0.1 0.1 0.1 0.1 0.1 0.1 0.1 
0.0449275362319 0.00144927536232 0.00144927536232 0.0739130434783 0.00144927536232 0.00144927536232 0.00144927536232 0.871014492754 0.00144927536232 0.00144927536232 
0.1 0.1 0.1 0.1 0.1 0.1 0.1 0.1 0.1 0.1 
0.00227272727273 0.025 0.00227272727273 0.00227272727273 0.00227272727273 0.00227272727273 0.00227272727273 0.888636363636 0.0704545454545 0.00227272727273 
0.1 0.1 0.1 0.1 0.1 0.1 0.1 0.1 0.1 0.1 
0.00116279069767 0.00116279069767 0.00116279069767 0.0476744186047 0.00116279069767 0.0360465116279 0.00116279069767 0.0709302325581 0.28023255814 0.559302325581 
0.1 0.1 0.1 0.1 0.1 0.1 0.1 0.1 0.1 0.1 
0.00434782608696 0.00434782608696 0.00434782608696 0.00434782608696 0.00434782608696 0.00434782608696 0.00434782608696 0.00434782608696 0.178260869565 0.786956521739 
0.1 0.1 0.1 0.1 0.1 0.1 0.1 0.1 0.1 0.1 
0.322 0.482 0.002 0.002 0.002 0.002 0.002 0.002 0.002 0.182 
0.1 0.1 0.1 0.1 0.1 0.1 0.1 0.1 0.1 0.1 
0.00243902439024 0.00243902439024 0.00243902439024 0.441463414634 0.00243902439024 0.00243902439024 0.0268292682927 0.00243902439024 0.0268292682927 0.490243902439 
0.1 0.1 0.1 0.1 0.1 0.1 0.1 0.1 0.1 0.1 
0.1 0.1 0.1 0.1 0.1 0.1 0.1 0.1 0.1 0.1 
0.1 0.1 0.1 0.1 0.1 0.1 0.1 0.1 0.1 0.1 
0.0025641025641 0.0025641025641 0.0282051282051 0.0025641025641 0.0025641025641 0.310256410256 0.0025641025641 0.130769230769 0.0025641025641 0.515384615385 
0.1 0.1 0.1 0.1 0.1 0.1 0.1 0.1 0.1 0.1 
0.1 0.1 0.1 0.1 0.1 0.1 0.1 0.1 0.1 0.1 
0.00227272727273 0.00227272727273 0.00227272727273 0.684090909091 0.00227272727273 0.00227272727273 0.00227272727273 0.0477272727273 0.00227272727273 0.252272727273 
0.1 0.1 0.1 0.1 0.1 0.1 0.1 0.1 0.1 0.1 
0.0047619047619 0.0047619047619 0.57619047619 0.1 0.290476190476 0.0047619047619 0.0047619047619 0.0047619047619 0.0047619047619 0.0047619047619 
0.473333333333 0.00666666666667 0.00666666666667 0.14 0.206666666667 0.00666666666667 0.0733333333333 0.00666666666667 0.00666666666667 0.0733333333333 
0.00434782608696 0.00434782608696 0.00434782608696 0.00434782608696 0.7 0.265217391304 0.00434782608696 0.00434782608696 0.00434782608696 0.00434782608696 
0.289595375723 0.000578034682081 0.000578034682081 0.000578034682081 0.185549132948 0.000578034682081 0.093063583815 0.150867052023 0.260693641618 0.0179190751445 
0.258139534884 0.00232558139535 0.00232558139535 0.281395348837 0.00232558139535 0.00232558139535 0.00232558139535 0.00232558139535 0.444186046512 0.00232558139535 
0.555357142857 0.0553571428571 0.00178571428571 0.00178571428571 0.00178571428571 0.00178571428571 0.00178571428571 0.00178571428571 0.376785714286 0.00178571428571 
0.736363636364 0.00909090909091 0.00909090909091 0.00909090909091 0.00909090909091 0.00909090909091 0.00909090909091 0.00909090909091 0.190909090909 0.00909090909091 
0.1 0.1 0.1 0.1 0.1 0.1 0.1 0.1 0.1 0.1 
0.95 0.00555555555556 0.00555555555556 0.00555555555556 0.00555555555556 0.00555555555556 0.00555555555556 0.00555555555556 0.00555555555556 0.00555555555556 
0.123529411765 0.417647058824 0.182352941176 0.0647058823529 0.123529411765 0.00588235294118 0.00588235294118 0.0647058823529 0.00588235294118 0.00588235294118 
0.9 0.0111111111111 0.0111111111111 0.0111111111111 0.0111111111111 0.0111111111111 0.0111111111111 0.0111111111111 0.0111111111111 0.0111111111111 
0.1 0.1 0.1 0.1 0.1 0.1 0.1 0.1 0.1 0.1 
0.81 0.01 0.01 0.01 0.01 0.01 0.01 0.01 0.11 0.01 
0.677777777778 0.0111111111111 0.0111111111111 0.0111111111111 0.0111111111111 0.0111111111111 0.0111111111111 0.0111111111111 0.0111111111111 0.233333333333 
0.853846153846 0.00769230769231 0.00769230769231 0.00769230769231 0.00769230769231 0.00769230769231 0.00769230769231 0.0846153846154 0.00769230769231 0.00769230769231 
0.516666666667 0.0166666666667 0.0166666666667 0.183333333333 0.0166666666667 0.183333333333 0.0166666666667 0.0166666666667 0.0166666666667 0.0166666666667 
0.1 0.1 0.1 0.1 0.1 0.1 0.1 0.1 0.1 0.1 
0.394444444444 0.00555555555556 0.561111111111 0.00555555555556 0.00555555555556 0.00555555555556 0.00555555555556 0.00555555555556 0.00555555555556 0.00555555555556 
0.1 0.1 0.1 0.1 0.1 0.1 0.1 0.1 0.1 0.1 
0.005 0.005 0.705 0.005 0.005 0.005 0.005 0.005 0.005 0.255 
0.1 0.1 0.1 0.1 0.1 0.1 0.1 0.1 0.1 0.1 
0.8875 0.0125 0.0125 0.0125 0.0125 0.0125 0.0125 0.0125 0.0125 0.0125 
0.578571428571 0.00714285714286 0.364285714286 0.00714285714286 0.00714285714286 0.00714285714286 0.00714285714286 0.00714285714286 0.00714285714286 0.00714285714286 
0.02 0.02 0.02 0.02 0.02 0.02 0.02 0.02 0.82 0.02 
0.0971875 0.0003125 0.2378125 0.1721875 0.2409375 0.0003125 0.0003125 0.0003125 0.2503125 0.0003125 
0.1 0.1 0.1 0.1 0.1 0.1 0.1 0.1 0.1 0.1 
0.0275 0.1025 0.0025 0.0275 0.0275 0.0275 0.0275 0.0025 0.7525 0.0025 
0.1 0.1 0.1 0.1 0.1 0.1 0.1 0.1 0.1 0.1 
0.00454545454545 0.00454545454545 0.00454545454545 0.00454545454545 0.413636363636 0.00454545454545 0.459090909091 0.00454545454545 0.00454545454545 0.0954545454545 
0.1 0.1 0.1 0.1 0.1 0.1 0.1 0.1 0.1 0.1 
0.00149253731343 0.240298507463 0.00149253731343 0.00149253731343 0.00149253731343 0.00149253731343 0.00149253731343 0.00149253731343 0.64328358209 0.105970149254 
0.1 0.1 0.1 0.1 0.1 0.1 0.1 0.1 0.1 0.1 
0.00243902439024 0.00243902439024 0.0268292682927 0.00243902439024 0.00243902439024 0.00243902439024 0.00243902439024 0.00243902439024 0.953658536585 0.00243902439024 
0.00119047619048 0.00119047619048 0.0130952380952 0.465476190476 0.00119047619048 0.358333333333 0.00119047619048 0.00119047619048 0.0130952380952 0.144047619048 
0.1 0.1 0.1 0.1 0.1 0.1 0.1 0.1 0.1 0.1 
0.1 0.1 0.1 0.1 0.1 0.1 0.1 0.1 0.1 0.1 
0.1 0.1 0.1 0.1 0.1 0.1 0.1 0.1 0.1 0.1 
0.1 0.1 0.1 0.1 0.1 0.1 0.1 0.1 0.1 0.1 
0.1 0.1 0.1 0.1 0.1 0.1 0.1 0.1 0.1 0.1 
0.0027027027027 0.0027027027027 0.0027027027027 0.3 0.164864864865 0.0027027027027 0.0027027027027 0.0027027027027 0.0027027027027 0.516216216216 
0.1 0.1 0.1 0.1 0.1 0.1 0.1 0.1 0.1 0.1 
0.00285714285714 0.00285714285714 0.00285714285714 0.831428571429 0.00285714285714 0.00285714285714 0.00285714285714 0.00285714285714 0.117142857143 0.0314285714286 
0.1 0.1 0.1 0.1 0.1 0.1 0.1 0.1 0.1 0.1 
0.00384615384615 0.00384615384615 0.388461538462 0.196153846154 0.35 0.00384615384615 0.0423076923077 0.00384615384615 0.00384615384615 0.00384615384615 
0.000680272108844 0.231972789116 0.000680272108844 0.197959183673 0.000680272108844 0.000680272108844 0.000680272108844 0.490476190476 0.0551020408163 0.0210884353741 
0.1 0.1 0.1 0.1 0.1 0.1 0.1 0.1 0.1 0.1 
0.00212765957447 0.640425531915 0.00212765957447 0.00212765957447 0.00212765957447 0.00212765957447 0.00212765957447 0.00212765957447 0.342553191489 0.00212765957447 
0.248872180451 0.339097744361 0.000751879699248 0.000751879699248 0.000751879699248 0.000751879699248 0.339097744361 0.000751879699248 0.00827067669173 0.0609022556391 
0.00172413793103 0.225862068966 0.00172413793103 0.329310344828 0.00172413793103 0.00172413793103 0.105172413793 0.0189655172414 0.312068965517 0.00172413793103 
0.0047619047619 0.0047619047619 0.0047619047619 0.0047619047619 0.0047619047619 0.0047619047619 0.0047619047619 0.0047619047619 0.0047619047619 0.957142857143 
0.180769230769 0.00128205128205 0.0397435897436 0.00128205128205 0.00128205128205 0.00128205128205 0.0653846153846 0.116666666667 0.0269230769231 0.565384615385 
0.115094339623 0.0396226415094 0.0584905660377 0.0207547169811 0.190566037736 0.00188679245283 0.00188679245283 0.0962264150943 0.0584905660377 0.416981132075 
0.0733333333333 0.00666666666667 0.606666666667 0.00666666666667 0.00666666666667 0.00666666666667 0.00666666666667 0.00666666666667 0.00666666666667 0.273333333333 
0.0672131147541 0.0016393442623 0.559016393443 0.083606557377 0.1 0.0016393442623 0.0016393442623 0.0016393442623 0.0016393442623 0.181967213115 
0.0030303030303 0.0636363636364 0.0030303030303 0.0333333333333 0.0636363636364 0.0030303030303 0.0030303030303 0.790909090909 0.0030303030303 0.0333333333333 
0.0047619047619 0.052380952381 0.480952380952 0.242857142857 0.0047619047619 0.0047619047619 0.0047619047619 0.0047619047619 0.0047619047619 0.195238095238 
0.584210526316 0.00526315789474 0.00526315789474 0.00526315789474 0.373684210526 0.00526315789474 0.00526315789474 0.00526315789474 0.00526315789474 0.00526315789474 
0.610869565217 0.00217391304348 0.00217391304348 0.00217391304348 0.00217391304348 0.045652173913 0.00217391304348 0.00217391304348 0.328260869565 0.00217391304348 
0.1 0.1 0.1 0.1 0.1 0.1 0.1 0.1 0.1 0.1 
0.725862068966 0.0189655172414 0.0189655172414 0.122413793103 0.00172413793103 0.00172413793103 0.00172413793103 0.0534482758621 0.00172413793103 0.0534482758621 
0.1 0.1 0.1 0.1 0.1 0.1 0.1 0.1 0.1 0.1 
0.191666666667 0.00119047619048 0.00119047619048 0.00119047619048 0.00119047619048 0.00119047619048 0.0130952380952 0.786904761905 0.00119047619048 0.00119047619048 
0.1 0.1 0.1 0.1 0.1 0.1 0.1 0.1 0.1 0.1 
0.39347826087 0.00217391304348 0.567391304348 0.00217391304348 0.00217391304348 0.00217391304348 0.00217391304348 0.0239130434783 0.00217391304348 0.00217391304348 
0.381034482759 0.00172413793103 0.00172413793103 0.381034482759 0.00172413793103 0.00172413793103 0.00172413793103 0.0189655172414 0.00172413793103 0.208620689655 
0.537209302326 0.00232558139535 0.00232558139535 0.0953488372093 0.00232558139535 0.00232558139535 0.00232558139535 0.00232558139535 0.00232558139535 0.351162790698 
0.641666666667 0.00277777777778 0.00277777777778 0.00277777777778 0.00277777777778 0.0305555555556 0.00277777777778 0.00277777777778 0.00277777777778 0.308333333333 
0.370769230769 0.00153846153846 0.00153846153846 0.186153846154 0.00153846153846 0.00153846153846 0.0169230769231 0.00153846153846 0.170769230769 0.247692307692 
0.00357142857143 0.0392857142857 0.00357142857143 0.0392857142857 0.00357142857143 0.00357142857143 0.00357142857143 0.0392857142857 0.00357142857143 0.860714285714 
0.00054347826087 0.0603260869565 0.00054347826087 0.620108695652 0.00054347826087 0.00054347826087 0.00054347826087 0.125543478261 0.190760869565 0.00054347826087 
0.1 0.1 0.1 0.1 0.1 0.1 0.1 0.1 0.1 0.1 
0.02 0.02 0.02 0.02 0.82 0.02 0.02 0.02 0.02 0.02 
0.025 0.025 0.025 0.775 0.025 0.025 0.025 0.025 0.025 0.025 
0.02 0.02 0.02 0.82 0.02 0.02 0.02 0.02 0.02 0.02 
0.1 0.1 0.1 0.1 0.1 0.1 0.1 0.1 0.1 0.1 
0.025 0.025 0.025 0.025 0.775 0.025 0.025 0.025 0.025 0.025 
0.677777777778 0.0111111111111 0.0111111111111 0.122222222222 0.0111111111111 0.0111111111111 0.0111111111111 0.0111111111111 0.122222222222 0.0111111111111 
0.0166666666667 0.0166666666667 0.0166666666667 0.0166666666667 0.0166666666667 0.85 0.0166666666667 0.0166666666667 0.0166666666667 0.0166666666667 
0.1 0.1 0.1 0.1 0.1 0.1 0.1 0.1 0.1 0.1 
0.025 0.025 0.025 0.275 0.525 0.025 0.025 0.025 0.025 0.025 
0.82 0.02 0.02 0.02 0.02 0.02 0.02 0.02 0.02 0.02 
0.275 0.025 0.275 0.025 0.025 0.025 0.275 0.025 0.025 0.025 
0.0166666666667 0.516666666667 0.35 0.0166666666667 0.0166666666667 0.0166666666667 0.0166666666667 0.0166666666667 0.0166666666667 0.0166666666667 
0.0142857142857 0.0142857142857 0.0142857142857 0.157142857143 0.0142857142857 0.0142857142857 0.0142857142857 0.442857142857 0.3 0.0142857142857 
0.0166666666667 0.0166666666667 0.0166666666667 0.0166666666667 0.0166666666667 0.0166666666667 0.0166666666667 0.0166666666667 0.85 0.0166666666667 
0.1 0.1 0.1 0.1 0.1 0.1 0.1 0.1 0.1 0.1 
0.366666666667 0.0333333333333 0.0333333333333 0.0333333333333 0.0333333333333 0.0333333333333 0.366666666667 0.0333333333333 0.0333333333333 0.0333333333333 
0.0142857142857 0.0142857142857 0.0142857142857 0.0142857142857 0.0142857142857 0.0142857142857 0.0142857142857 0.0142857142857 0.871428571429 0.0142857142857 
0.0142857142857 0.0142857142857 0.0142857142857 0.0142857142857 0.0142857142857 0.0142857142857 0.0142857142857 0.0142857142857 0.728571428571 0.157142857143 
0.00769230769231 0.00769230769231 0.00769230769231 0.161538461538 0.00769230769231 0.00769230769231 0.00769230769231 0.00769230769231 0.776923076923 0.00769230769231 
0.00133333333333 0.00133333333333 0.0546666666667 0.934666666667 0.00133333333333 0.00133333333333 0.00133333333333 0.00133333333333 0.00133333333333 0.00133333333333 
0.175 0.00833333333333 0.258333333333 0.00833333333333 0.00833333333333 0.00833333333333 0.0916666666667 0.00833333333333 0.425 0.00833333333333 
0.00454545454545 0.00454545454545 0.640909090909 0.140909090909 0.186363636364 0.00454545454545 0.00454545454545 0.00454545454545 0.00454545454545 0.00454545454545 
0.02 0.02 0.82 0.02 0.02 0.02 0.02 0.02 0.02 0.02 
0.0333333333333 0.0333333333333 0.0333333333333 0.0333333333333 0.0333333333333 0.0333333333333 0.7 0.0333333333333 0.0333333333333 0.0333333333333 
0.0125 0.0125 0.0125 0.1375 0.0125 0.0125 0.7625 0.0125 0.0125 0.0125 
0.0142857142857 0.0142857142857 0.0142857142857 0.0142857142857 0.0142857142857 0.0142857142857 0.871428571429 0.0142857142857 0.0142857142857 0.0142857142857 
0.0111111111111 0.455555555556 0.0111111111111 0.0111111111111 0.0111111111111 0.0111111111111 0.455555555556 0.0111111111111 0.0111111111111 0.0111111111111 
0.0111111111111 0.0111111111111 0.0111111111111 0.233333333333 0.344444444444 0.0111111111111 0.0111111111111 0.0111111111111 0.0111111111111 0.344444444444 
0.190909090909 0.00909090909091 0.00909090909091 0.00909090909091 0.736363636364 0.00909090909091 0.00909090909091 0.00909090909091 0.00909090909091 0.00909090909091 
0.1 0.00909090909091 0.00909090909091 0.00909090909091 0.827272727273 0.00909090909091 0.00909090909091 0.00909090909091 0.00909090909091 0.00909090909091 
0.0277272727273 0.000454545454545 0.000454545454545 0.0868181818182 0.000454545454545 0.341363636364 0.0504545454545 0.359545454545 0.000454545454545 0.132272727273 
0.1 0.1 0.1 0.1 0.1 0.1 0.1 0.1 0.1 0.1 
0.003125 0.003125 0.003125 0.003125 0.003125 0.034375 0.659375 0.003125 0.096875 0.190625 
0.1 0.1 0.1 0.1 0.1 0.1 0.1 0.1 0.1 0.1 
0.118604651163 0.00232558139535 0.0720930232558 0.16511627907 0.00232558139535 0.00232558139535 0.00232558139535 0.537209302326 0.0720930232558 0.0255813953488 
0.1 0.1 0.1 0.1 0.1 0.1 0.1 0.1 0.1 0.1 
0.0229166666667 0.00208333333333 0.00208333333333 0.23125 0.00208333333333 0.00208333333333 0.0645833333333 0.29375 0.00208333333333 0.377083333333 
0.0752873563218 0.000574712643678 0.0810344827586 0.15 0.000574712643678 0.000574712643678 0.000574712643678 0.638505747126 0.0522988505747 0.000574712643678 
0.00416666666667 0.00416666666667 0.0458333333333 0.3375 0.00416666666667 0.00416666666667 0.0458333333333 0.00416666666667 0.545833333333 0.00416666666667 
0.00333333333333 0.00333333333333 0.00333333333333 0.236666666667 0.07 0.67 0.00333333333333 0.00333333333333 0.00333333333333 0.00333333333333 
0.00322580645161 0.00322580645161 0.00322580645161 0.132258064516 0.00322580645161 0.777419354839 0.00322580645161 0.00322580645161 0.00322580645161 0.0677419354839 
0.000581395348837 0.0122093023256 0.0645348837209 0.762209302326 0.000581395348837 0.000581395348837 0.000581395348837 0.0296511627907 0.128488372093 0.000581395348837 
0.425 0.00833333333333 0.0916666666667 0.425 0.00833333333333 0.00833333333333 0.00833333333333 0.00833333333333 0.00833333333333 0.00833333333333 
0.00454545454545 0.00454545454545 0.731818181818 0.0954545454545 0.140909090909 0.00454545454545 0.00454545454545 0.00454545454545 0.00454545454545 0.00454545454545 
0.02 0.02 0.62 0.02 0.02 0.02 0.22 0.02 0.02 0.02 
0.0333333333333 0.0333333333333 0.0333333333333 0.366666666667 0.0333333333333 0.0333333333333 0.0333333333333 0.0333333333333 0.0333333333333 0.366666666667 
0.0125 0.0125 0.0125 0.0125 0.0125 0.0125 0.8875 0.0125 0.0125 0.0125 
0.0142857142857 0.0142857142857 0.0142857142857 0.0142857142857 0.0142857142857 0.0142857142857 0.871428571429 0.0142857142857 0.0142857142857 0.0142857142857 
0.0111111111111 0.9 0.0111111111111 0.0111111111111 0.0111111111111 0.0111111111111 0.0111111111111 0.0111111111111 0.0111111111111 0.0111111111111 
0.122222222222 0.0111111111111 0.0111111111111 0.0111111111111 0.455555555556 0.0111111111111 0.0111111111111 0.122222222222 0.0111111111111 0.233333333333 
0.1 0.00909090909091 0.00909090909091 0.190909090909 0.645454545455 0.00909090909091 0.00909090909091 0.00909090909091 0.00909090909091 0.00909090909091 
0.1 0.00909090909091 0.00909090909091 0.00909090909091 0.827272727273 0.00909090909091 0.00909090909091 0.00909090909091 0.00909090909091 0.00909090909091 
0.025 0.025 0.025 0.025 0.025 0.025 0.275 0.025 0.525 0.025 
0.0333333333333 0.366666666667 0.0333333333333 0.0333333333333 0.0333333333333 0.366666666667 0.0333333333333 0.0333333333333 0.0333333333333 0.0333333333333 
0.00133333333333 0.00133333333333 0.00133333333333 0.00133333333333 0.00133333333333 0.00133333333333 0.161333333333 0.00133333333333 0.148 0.681333333333 
0.0306930693069 0.000990099009901 0.070297029703 0.000990099009901 0.000990099009901 0.000990099009901 0.179207920792 0.070297029703 0.000990099009901 0.644554455446 
0.00526315789474 0.00526315789474 0.584210526316 0.0578947368421 0.00526315789474 0.00526315789474 0.00526315789474 0.110526315789 0.00526315789474 0.215789473684 
0.00769230769231 0.00769230769231 0.776923076923 0.00769230769231 0.00769230769231 0.00769230769231 0.161538461538 0.00769230769231 0.00769230769231 0.00769230769231 
0.00217391304348 0.0891304347826 0.00217391304348 0.00217391304348 0.00217391304348 0.39347826087 0.00217391304348 0.00217391304348 0.502173913043 0.00217391304348 
0.05 0.05 0.05 0.05 0.55 0.05 0.05 0.05 0.05 0.05 
0.00454545454545 0.186363636364 0.00454545454545 0.140909090909 0.00454545454545 0.231818181818 0.00454545454545 0.00454545454545 0.413636363636 0.00454545454545 
0.0785714285714 0.00714285714286 0.00714285714286 0.00714285714286 0.00714285714286 0.00714285714286 0.0785714285714 0.15 0.65 0.00714285714286 
0.00625 0.00625 0.00625 0.00625 0.00625 0.56875 0.31875 0.00625 0.00625 0.06875 
0.00714285714286 0.15 0.292857142857 0.364285714286 0.00714285714286 0.0785714285714 0.00714285714286 0.0785714285714 0.00714285714286 0.00714285714286 
0.0166666666667 0.0166666666667 0.0166666666667 0.0166666666667 0.0166666666667 0.35 0.0166666666667 0.0166666666667 0.516666666667 0.0166666666667 
0.00833333333333 0.00833333333333 0.00833333333333 0.00833333333333 0.00833333333333 0.925 0.00833333333333 0.00833333333333 0.00833333333333 0.00833333333333 
0.01 0.01 0.21 0.01 0.01 0.01 0.51 0.01 0.21 0.01 
0.55 0.05 0.05 0.05 0.05 0.05 0.05 0.05 0.05 0.05 
0.591666666667 0.341666666667 0.00833333333333 0.00833333333333 0.00833333333333 0.00833333333333 0.00833333333333 0.00833333333333 0.00833333333333 0.00833333333333 
0.0111111111111 0.233333333333 0.677777777778 0.0111111111111 0.0111111111111 0.0111111111111 0.0111111111111 0.0111111111111 0.0111111111111 0.0111111111111 
0.55 0.05 0.05 0.05 0.05 0.05 0.05 0.05 0.05 0.05 
0.255 0.005 0.005 0.005 0.005 0.705 0.005 0.005 0.005 0.005 
0.00434782608696 0.0913043478261 0.0478260869565 0.00434782608696 0.00434782608696 0.0478260869565 0.00434782608696 0.00434782608696 0.786956521739 0.00434782608696 
0.00434782608696 0.00434782608696 0.0478260869565 0.0478260869565 0.00434782608696 0.352173913043 0.00434782608696 0.00434782608696 0.526086956522 0.00434782608696 
0.00222222222222 0.00222222222222 0.113333333333 0.00222222222222 0.00222222222222 0.424444444444 0.0244444444444 0.00222222222222 0.291111111111 0.135555555556 
0.00263157894737 0.00263157894737 0.00263157894737 0.0289473684211 0.00263157894737 0.45 0.292105263158 0.00263157894737 0.00263157894737 0.213157894737 
0.00123456790123 0.00123456790123 0.00123456790123 0.285185185185 0.297530864198 0.112345679012 0.0135802469136 0.00123456790123 0.285185185185 0.00123456790123 
0.1 0.1 0.1 0.1 0.1 0.1 0.1 0.1 0.1 0.1 
0.00588235294118 0.0647058823529 0.00588235294118 0.00588235294118 0.241176470588 0.00588235294118 0.00588235294118 0.00588235294118 0.652941176471 0.00588235294118 
0.1 0.1 0.1 0.1 0.1 0.1 0.1 0.1 0.1 0.1 
0.0030303030303 0.0030303030303 0.0030303030303 0.0333333333333 0.0030303030303 0.0030303030303 0.0030303030303 0.0030303030303 0.942424242424 0.0030303030303 
0.229545454545 0.0477272727273 0.0477272727273 0.00227272727273 0.00227272727273 0.138636363636 0.00227272727273 0.025 0.502272727273 0.00227272727273 
0.00204081632653 0.0224489795918 0.20612244898 0.00204081632653 0.0224489795918 0.00204081632653 0.00204081632653 0.00204081632653 0.736734693878 0.00204081632653 
0.00277777777778 0.00277777777778 0.836111111111 0.00277777777778 0.00277777777778 0.00277777777778 0.00277777777778 0.00277777777778 0.141666666667 0.00277777777778 
0.003125 0.003125 0.159375 0.003125 0.596875 0.003125 0.065625 0.003125 0.159375 0.003125 
0.1 0.1 0.1 0.1 0.1 0.1 0.1 0.1 0.1 0.1 
0.1 0.1 0.1 0.1 0.1 0.1 0.1 0.1 0.1 0.1 
0.0959459459459 0.271621621622 0.00135135135135 0.0418918918919 0.00135135135135 0.00135135135135 0.0689189189189 0.514864864865 0.00135135135135 0.00135135135135 
0.85 0.0166666666667 0.0166666666667 0.0166666666667 0.0166666666667 0.0166666666667 0.0166666666667 0.0166666666667 0.0166666666667 0.0166666666667 
0.516666666667 0.0166666666667 0.0166666666667 0.183333333333 0.0166666666667 0.0166666666667 0.0166666666667 0.0166666666667 0.0166666666667 0.183333333333 
0.913636363636 0.00454545454545 0.05 0.00454545454545 0.00454545454545 0.00454545454545 0.00454545454545 0.00454545454545 0.00454545454545 0.00454545454545 
0.085 0.0683333333333 0.00166666666667 0.435 0.00166666666667 0.00166666666667 0.00166666666667 0.0183333333333 0.301666666667 0.085 
0.00131578947368 0.0671052631579 0.00131578947368 0.580263157895 0.290789473684 0.0539473684211 0.00131578947368 0.00131578947368 0.00131578947368 0.00131578947368 
0.252083333333 0.00208333333333 0.41875 0.127083333333 0.00208333333333 0.00208333333333 0.00208333333333 0.04375 0.147916666667 0.00208333333333 
0.683333333333 0.0166666666667 0.0166666666667 0.183333333333 0.0166666666667 0.0166666666667 0.0166666666667 0.0166666666667 0.0166666666667 0.0166666666667 
0.0166666666667 0.0166666666667 0.0166666666667 0.0166666666667 0.0166666666667 0.0166666666667 0.0166666666667 0.85 0.0166666666667 0.0166666666667 
0.913636363636 0.00454545454545 0.00454545454545 0.05 0.00454545454545 0.00454545454545 0.00454545454545 0.00454545454545 0.00454545454545 0.00454545454545 
0.00131578947368 0.00131578947368 0.00131578947368 0.00131578947368 0.00131578947368 0.00131578947368 0.00131578947368 0.00131578947368 0.343421052632 0.646052631579 
0.00217391304348 0.0239130434783 0.00217391304348 0.00217391304348 0.00217391304348 0.00217391304348 0.00217391304348 0.00217391304348 0.110869565217 0.85 
0.000869565217391 0.000869565217391 0.000869565217391 0.000869565217391 0.000869565217391 0.000869565217391 0.0269565217391 0.000869565217391 0.957391304348 0.0095652173913 
0.00769230769231 0.0846153846154 0.469230769231 0.00769230769231 0.00769230769231 0.0846153846154 0.00769230769231 0.00769230769231 0.315384615385 0.00769230769231 
0.0578947368421 0.321052631579 0.00526315789474 0.426315789474 0.0578947368421 0.00526315789474 0.00526315789474 0.00526315789474 0.110526315789 0.00526315789474 
0.00416666666667 0.00416666666667 0.00416666666667 0.920833333333 0.00416666666667 0.00416666666667 0.0458333333333 0.00416666666667 0.00416666666667 0.00416666666667 
0.0037037037037 0.3 0.0037037037037 0.114814814815 0.0037037037037 0.0037037037037 0.0037037037037 0.114814814815 0.374074074074 0.0777777777778 
0.1 0.1 0.1 0.1 0.1 0.1 0.1 0.1 0.1 0.1 
0.942424242424 0.0030303030303 0.0333333333333 0.0030303030303 0.0030303030303 0.0030303030303 0.0030303030303 0.0030303030303 0.0030303030303 0.0030303030303 
0.1 0.1 0.1 0.1 0.1 0.1 0.1 0.1 0.1 0.1 
0.109770114943 0.414367816092 0.000574712643678 0.0752873563218 0.000574712643678 0.000574712643678 0.000574712643678 0.397126436782 0.000574712643678 0.000574712643678 
0.00322580645161 0.00322580645161 0.00322580645161 0.00322580645161 0.00322580645161 0.261290322581 0.00322580645161 0.712903225806 0.00322580645161 0.00322580645161 
0.00263157894737 0.00263157894737 0.00263157894737 0.160526315789 0.00263157894737 0.00263157894737 0.0289473684211 0.00263157894737 0.792105263158 0.00263157894737 
0.1 0.1 0.1 0.1 0.1 0.1 0.1 0.1 0.1 0.1 
0.0010101010101 0.0010101010101 0.0010101010101 0.30404040404 0.0010101010101 0.0010101010101 0.223232323232 0.253535353535 0.0717171717172 0.142424242424 
0.1 0.1 0.1 0.1 0.1 0.1 0.1 0.1 0.1 0.1 
0.025 0.025 0.025 0.275 0.275 0.025 0.275 0.025 0.025 0.025 
0.372727272727 0.00909090909091 0.00909090909091 0.281818181818 0.00909090909091 0.00909090909091 0.00909090909091 0.281818181818 0.00909090909091 0.00909090909091 
0.3 0.3 0.0142857142857 0.0142857142857 0.3 0.0142857142857 0.0142857142857 0.0142857142857 0.0142857142857 0.0142857142857 
0.00625 0.00625 0.44375 0.00625 0.00625 0.00625 0.00625 0.50625 0.00625 0.00625 
0.00181818181818 0.00181818181818 0.00181818181818 0.00181818181818 0.00181818181818 0.292727272727 0.329090909091 0.00181818181818 0.365454545455 0.00181818181818 
0.190909090909 0.00909090909091 0.00909090909091 0.00909090909091 0.00909090909091 0.281818181818 0.00909090909091 0.372727272727 0.1 0.00909090909091 
0.0333333333333 0.0333333333333 0.0333333333333 0.0333333333333 0.366666666667 0.0333333333333 0.366666666667 0.0333333333333 0.0333333333333 0.0333333333333 
0.0333333333333 0.0333333333333 0.0333333333333 0.0333333333333 0.0333333333333 0.366666666667 0.0333333333333 0.366666666667 0.0333333333333 0.0333333333333 
0.025 0.025 0.025 0.775 0.025 0.025 0.025 0.025 0.025 0.025 
0.025 0.025 0.025 0.025 0.025 0.025 0.025 0.775 0.025 0.025 
0.025 0.025 0.525 0.025 0.025 0.025 0.025 0.275 0.025 0.025 
0.004 0.004 0.444 0.084 0.004 0.124 0.004 0.004 0.324 0.004 
0.1 0.1 0.1 0.1 0.1 0.1 0.1 0.1 0.1 0.1 
0.682608695652 0.00144927536232 0.0739130434783 0.0159420289855 0.00144927536232 0.00144927536232 0.00144927536232 0.00144927536232 0.21884057971 0.00144927536232 
0.1 0.1 0.1 0.1 0.1 0.1 0.1 0.1 0.1 0.1 
0.1 0.1 0.1 0.1 0.1 0.1 0.1 0.1 0.1 0.1 
0.85 0.0166666666667 0.0166666666667 0.0166666666667 0.0166666666667 0.0166666666667 0.0166666666667 0.0166666666667 0.0166666666667 0.0166666666667 
0.1 0.1 0.1 0.1 0.1 0.1 0.1 0.1 0.1 0.1 
0.1 0.1 0.1 0.1 0.1 0.1 0.1 0.1 0.1 0.1 
0.1 0.1 0.1 0.1 0.1 0.1 0.1 0.1 0.1 0.1 
0.591666666667 0.00833333333333 0.00833333333333 0.00833333333333 0.00833333333333 0.00833333333333 0.00833333333333 0.00833333333333 0.258333333333 0.0916666666667 
0.1 0.1 0.1 0.1 0.1 0.1 0.1 0.1 0.1 0.1 
0.788888888889 0.122222222222 0.0111111111111 0.0111111111111 0.0111111111111 0.0111111111111 0.0111111111111 0.0111111111111 0.0111111111111 0.0111111111111 
0.1 0.1 0.1 0.1 0.1 0.1 0.1 0.1 0.1 0.1 
0.1 0.1 0.1 0.1 0.1 0.1 0.1 0.1 0.1 0.1 
0.1 0.1 0.1 0.1 0.1 0.1 0.1 0.1 0.1 0.1 
0.0111111111111 0.0111111111111 0.566666666667 0.0111111111111 0.0111111111111 0.344444444444 0.0111111111111 0.0111111111111 0.0111111111111 0.0111111111111 
0.122222222222 0.344444444444 0.233333333333 0.0111111111111 0.0111111111111 0.0111111111111 0.0111111111111 0.0111111111111 0.122222222222 0.122222222222 
0.105 0.005 0.855 0.005 0.005 0.005 0.005 0.005 0.005 0.005 
0.05 0.05 0.05 0.55 0.05 0.05 0.05 0.05 0.05 0.05 
0.02 0.02 0.42 0.02 0.02 0.22 0.02 0.02 0.02 0.22 
0.0333333333333 0.0333333333333 0.366666666667 0.0333333333333 0.0333333333333 0.0333333333333 0.0333333333333 0.0333333333333 0.0333333333333 0.366666666667 
0.0333333333333 0.0333333333333 0.0333333333333 0.0333333333333 0.0333333333333 0.0333333333333 0.7 0.0333333333333 0.0333333333333 0.0333333333333 
0.275 0.025 0.025 0.025 0.025 0.025 0.025 0.525 0.025 0.025 
0.9 0.0111111111111 0.0111111111111 0.0111111111111 0.0111111111111 0.0111111111111 0.0111111111111 0.0111111111111 0.0111111111111 0.0111111111111 
0.918181818182 0.00909090909091 0.00909090909091 0.00909090909091 0.00909090909091 0.00909090909091 0.00909090909091 0.00909090909091 0.00909090909091 0.00909090909091 
0.947058823529 0.00588235294118 0.00588235294118 0.00588235294118 0.00588235294118 0.00588235294118 0.00588235294118 0.00588235294118 0.00588235294118 0.00588235294118 
0.677777777778 0.0111111111111 0.0111111111111 0.233333333333 0.0111111111111 0.0111111111111 0.0111111111111 0.0111111111111 0.0111111111111 0.0111111111111 
0.00625 0.00625 0.00625 0.00625 0.00625 0.00625 0.06875 0.00625 0.88125 0.00625 
0.1 0.1 0.1 0.1 0.1 0.1 0.1 0.1 0.1 0.1 
0.00434782608696 0.00434782608696 0.00434782608696 0.00434782608696 0.00434782608696 0.00434782608696 0.00434782608696 0.00434782608696 0.960869565217 0.00434782608696 
0.1 0.1 0.1 0.1 0.1 0.1 0.1 0.1 0.1 0.1 
0.00227272727273 0.00227272727273 0.115909090909 0.0477272727273 0.00227272727273 0.00227272727273 0.025 0.502272727273 0.297727272727 0.00227272727273 
0.1 0.1 0.1 0.1 0.1 0.1 0.1 0.1 0.1 0.1 
0.160869565217 0.00144927536232 0.146376811594 0.00144927536232 0.00144927536232 0.00144927536232 0.247826086957 0.21884057971 0.00144927536232 0.21884057971 
0.263043478261 0.176086956522 0.328260869565 0.0673913043478 0.045652173913 0.00217391304348 0.110869565217 0.00217391304348 0.00217391304348 0.00217391304348 
0.00117647058824 0.0247058823529 0.00117647058824 0.507058823529 0.00117647058824 0.00117647058824 0.0717647058824 0.0129411764706 0.201176470588 0.177647058824 
0.00357142857143 0.00357142857143 0.00357142857143 0.217857142857 0.00357142857143 0.00357142857143 0.00357142857143 0.753571428571 0.00357142857143 0.00357142857143 
0.0375 0.00178571428571 0.216071428571 0.00178571428571 0.00178571428571 0.00178571428571 0.00178571428571 0.608928571429 0.126785714286 0.00178571428571 
0.003125 0.003125 0.003125 0.409375 0.003125 0.003125 0.346875 0.190625 0.034375 0.003125 
0.0120879120879 0.0010989010989 0.0010989010989 0.0010989010989 0.0010989010989 0.0010989010989 0.440659340659 0.220879120879 0.286813186813 0.0340659340659 
0.0015625 0.0015625 0.0015625 0.1890625 0.0015625 0.0015625 0.6578125 0.0484375 0.0015625 0.0953125 
0.1 0.1 0.1 0.1 0.1 0.1 0.1 0.1 0.1 0.1 
0.366666666667 0.0333333333333 0.0333333333333 0.0333333333333 0.366666666667 0.0333333333333 0.0333333333333 0.0333333333333 0.0333333333333 0.0333333333333 
0.00192307692308 0.00192307692308 0.00192307692308 0.117307692308 0.0403846153846 0.00192307692308 0.540384615385 0.00192307692308 0.0403846153846 0.251923076923 
0.00227272727273 0.00227272727273 0.00227272727273 0.00227272727273 0.00227272727273 0.00227272727273 0.979545454545 0.00227272727273 0.00227272727273 0.00227272727273 
0.154237288136 0.00169491525424 0.00169491525424 0.391525423729 0.00169491525424 0.00169491525424 0.103389830508 0.120338983051 0.00169491525424 0.222033898305 
0.1 0.1 0.1 0.1 0.1 0.1 0.1 0.1 0.1 0.1 
0.00142857142857 0.0442857142857 0.0728571428571 0.00142857142857 0.415714285714 0.00142857142857 0.00142857142857 0.0157142857143 0.00142857142857 0.444285714286 
0.1 0.1 0.1 0.1 0.1 0.1 0.1 0.1 0.1 0.1 
0.00169491525424 0.00169491525424 0.035593220339 0.0525423728814 0.00169491525424 0.25593220339 0.0525423728814 0.54406779661 0.0525423728814 0.00169491525424 
0.1 0.1 0.1 0.1 0.1 0.1 0.1 0.1 0.1 0.1 
0.444 0.004 0.004 0.004 0.004 0.004 0.364 0.084 0.004 0.084 
0.1 0.1 0.1 0.1 0.1 0.1 0.1 0.1 0.1 0.1 
0.0458333333333 0.00416666666667 0.00416666666667 0.7125 0.00416666666667 0.129166666667 0.0875 0.00416666666667 0.00416666666667 0.00416666666667 
0.124561403509 0.00175438596491 0.00175438596491 0.212280701754 0.00175438596491 0.0368421052632 0.0543859649123 0.00175438596491 0.00175438596491 0.563157894737 
0.0354838709677 0.00322580645161 0.00322580645161 0.1 0.00322580645161 0.00322580645161 0.00322580645161 0.00322580645161 0.00322580645161 0.841935483871 
0.00151515151515 0.00151515151515 0.00151515151515 0.0469696969697 0.0621212121212 0.00151515151515 0.00151515151515 0.00151515151515 0.00151515151515 0.880303030303 
0.310294117647 0.0161764705882 0.00147058823529 0.00147058823529 0.075 0.00147058823529 0.00147058823529 0.00147058823529 0.00147058823529 0.589705882353 
0.004 0.244 0.484 0.044 0.044 0.044 0.004 0.004 0.124 0.004 
0.103333333333 0.07 0.00333333333333 0.77 0.00333333333333 0.00333333333333 0.0366666666667 0.00333333333333 0.00333333333333 0.00333333333333 
0.0578947368421 0.373684210526 0.531578947368 0.00526315789474 0.00526315789474 0.00526315789474 0.00526315789474 0.00526315789474 0.00526315789474 0.00526315789474 
0.728571428571 0.0142857142857 0.0142857142857 0.157142857143 0.0142857142857 0.0142857142857 0.0142857142857 0.0142857142857 0.0142857142857 0.0142857142857 
0.02 0.62 0.22 0.02 0.02 0.02 0.02 0.02 0.02 0.02 
0.000392156862745 0.000392156862745 0.270980392157 0.106274509804 0.0945098039216 0.000392156862745 0.000392156862745 0.169019607843 0.278823529412 0.0788235294118 
0.0305555555556 0.0583333333333 0.00277777777778 0.00277777777778 0.00277777777778 0.00277777777778 0.00277777777778 0.836111111111 0.00277777777778 0.0583333333333 
0.1 0.1 0.1 0.1 0.1 0.1 0.1 0.1 0.1 0.1 
0.003125 0.003125 0.159375 0.003125 0.003125 0.003125 0.284375 0.503125 0.003125 0.034375 
0.1 0.1 0.1 0.1 0.1 0.1 0.1 0.1 0.1 0.1 
0.000943396226415 0.000943396226415 0.000943396226415 0.000943396226415 0.000943396226415 0.0103773584906 0.472641509434 0.000943396226415 0.142452830189 0.368867924528 
0.0013698630137 0.850684931507 0.0013698630137 0.0013698630137 0.0013698630137 0.0013698630137 0.0013698630137 0.0013698630137 0.0013698630137 0.138356164384 
0.0802631578947 0.00131578947368 0.00131578947368 0.185526315789 0.00131578947368 0.00131578947368 0.106578947368 0.00131578947368 0.00131578947368 0.619736842105 
0.00285714285714 0.00285714285714 0.00285714285714 0.174285714286 0.00285714285714 0.00285714285714 0.00285714285714 0.545714285714 0.26 0.00285714285714 
0.0647058823529 0.00588235294118 0.00588235294118 0.00588235294118 0.00588235294118 0.00588235294118 0.00588235294118 0.00588235294118 0.888235294118 0.00588235294118 
0.0954545454545 0.00454545454545 0.05 0.504545454545 0.00454545454545 0.00454545454545 0.231818181818 0.00454545454545 0.0954545454545 0.00454545454545 
0.1 0.1 0.1 0.1 0.1 0.1 0.1 0.1 0.1 0.1 
